100
0
-,86,43,2,43,15,64,17,13,25,100,60,84,68,70,50,11,42,1,14,24,86,86,95,13,1,48,26,49,28,7,100,35,44,7,79,81,20,77,49,71,97,14,81,22,25,6,96,72,14,46,27,50,1,77,54,3,26,8,9,3,50,56,23,12,64,28,86,96,77,30,39,20,6,10,66,25,79,33,13,76,57,94,53,56,23,82,99,86,25,28,90,52,42,42,70,85,53,10,62
51,-,61,80,16,10,100,52,71,39,1,4,24,14,43,38,8,29,41,11,13,70,59,54,3,67,71,74,43,3,90,12,46,80,98,72,12,30,13,33,59,60,45,86,44,78,91,54,96,63,68,21,52,28,4,46,80,49,77,90,82,100,15,27,85,62,66,99,48,96,8,87,72,54,58,3,51,53,83,39,50,18,72,8,74,61,89,19,6,91,88,1,93,25,8,83,71,43,19,63
39,72,-,27,27,79,82,32,43,51,52,43,69,15,93,26,48,91,74,4,97,25,66,75,38,29,91,65,26,4,53,10,94,31,54,2,57,23,23,94,34,1,57,53,95,100,92,21,58,25,29,27,52,83,53,78,78,61,69,37,19,75,14,17,12,3,12,20,69,98,95,34,76,9,84,86,5,55,52,23,93,78,62,52,43,81,48,62,97,50,1,37,57,93,85,50,40,41,23,65
40,20,42,-,23,71,90,70,39,52,64,69,36,40,82,10,84,13,3,84,60,16,35,61,26,25,76,59,89,33,11,50,98,65,45,95,68,51,73,22,28,86,78,95,39,81,54,49,76,40,2,26,13,97,12,71,76,66,58,23,63,52,39,86,96,64,84,76,84,41,93,67,71,67,34,85,27,11,32,33,35,53,96,56,30,52,17,40,35,91,6,92,18,86,73,55,6,83,67,40
90,35,12,37,-,23,19,79,85,63,71,25,12,35,91,15,69,67,73,52,85,51,19,16,30,51,66,52,30,19,5,11,51,41,56,30,39,85,53,88,35,45,12,13,9,49,77,94,82,53,74,13,90,7,76,53,20,72,95,14,13,68,15,87,69,87,75,99,95,12,9,56,59,22,4,77,74,72,98,10,53,23,18,44,78,2,77,77,52,89,7,85,75,69,88,5,40,75,31,60
30,77,73,90,51,-,65,10,66,84,24,95,43,26,80,81,15,35,50,51,28,29,8,39,57,1,88,88,88,43,12,62,77,39,86,63,7,70,53,61,62,3,35,98,25,35,98,93,28,5,48,44,75,58,53,21,66,30,98,76,75,9,53,79,8,73,74,2,66,24,49,80,20,24,98,13,52,44,25,54,31,31,59,36,47,14,15,51,49,94,17,90,39,46,74,41,13,75,52,83
17,97,11,84,96,46,-,51,36,25,76,64,39,17,82,98,87,50,31,91,53,100,52,81,92,6,83,17,82,21,86,82,4,78,99,2,77,40,92,98,40,52,86,92,8,55,38,45,20,94,69,19,44,52,7,25,39,43,100,9,12,33,81,25,89,30,8,31,45,89,61,19,80,73,88,42,61,80,83,4,97,29,23,7,76,40,11,30,83,98,44,36,86,2,90,57,2,89,31,39
19,68,47,85,98,58,92,-,80,21,46,63,29,48,39,85,96,18,80,11,63,87,66,50,51,47,87,74,59,22,85,41,87,83,85,74,24,44,39,69,88,16,71,100,78,78,11,58,95,67,59,7,83,49,25,16,57,19,64,78,22,100,12,72,99,18,7,98,42,39,30,60,83,92,94,100,64,95,12,45,35,99,87,12,83,81,53,13,100,29,98,55,98,48,42,24,14,75,29,4
82,56,15,59,14,76,2,83,-,68,33,85,96,19,51,42,71,69,88,15,96,45,62,56,64,88,15,59,2,8,66,99,83,47,36,70,94,93,89,3,48,63,13,33,80,68,98,20,59,84,61,73,72,61,69,95,71,89,62,44,92,39,88,63,65,67,39,65,28,19,71,66,89,73,45,83,64,45,98,77,47,39,73,59,57,74,1,22,5,93,40,68,18,83,46,70,51,40,27,52
27,22,68,12,31,95,37,61,8,-,99,91,80,20,18,87,69,5,38,35,76,39,60,44,11,10,69,19,20,30,21,97,60,83,76,50,75,35,52,94,37,83,64,96,11,50,83,42,70,71,31,8,56,96,38,41,17,49,70,25,84,96,28,47,23,73,22,33,49,27,88,91,2,43,24,34,90,72,93,35,31,53,19,89,6,38,75,73,73,77,17,31,14,75,47,69,57,91,77,61
68,66,79,47,53,56,44,74,29,18,-,36,25,95,50,89,23,50,39,85,55,25,18,16,39,12,6,69,66,63,1,71,85,94,76,74,30,87,13,61,40,99,51,91,25,19,58,43,50,9,6,63,63,67,29,68,37,77,55,1,24,8,33,34,65,47,35,29,49,30,19,64,23,11,71,26,47,43,18,97,31,18,46,80,88,39,95,94,50,30,59,24,85,56,4,62,5,19,79,62
89,9,5,22,29,1,48,87,67,5,70,-,5,94,29,99,43,44,22,92,78,74,35,74,43,90,36,20,100,78,74,83,44,77,37,2,37,51,39,77,58,41,98,58,20,11,80,67,72,40,15,53,17,26,52,85,37,34,43,83,4,65,39,90,12,47,95,15,44,14,42,66,99,24,31,92,2,35,39,79,100,73,33,41,52,38,6,50,93,65,68,97,94,12,45,16,58,29,60,79
78,24,43,55,34,99,65,78,70,48,38,13,-,80,15,33,4,57,90,32,77,85,24,34,48,9,94,20,11,72,59,74,42,92,26,74,38,36,35,68,37,15,22,31,33,35,53,72,69,48,62,58,7,54,17,58,41,33,60,34,57,20,61,9,54,82,56,75,4,87,76,93,93,27,49,18,41,64,83,27,62,76,28,85,55,47,62,74,70,20,18,52,41,32,24,69,45,23,74,33
80,85,60,19,20,22,100,17,99,35,85,17,86,-,2,91,18,100,100,13,68,10,94,3,17,70,76,7,75,32,61,55,27,3,78,95,33,2,98,40,100,31,51,52,44,64,73,69,1,12,17,73,25,31,86,34,90,44,53,26,97,9,59,2,68,54,50,4,59,11,69,90,7,36,97,46,76,18,97,90,4,62,87,10,97,93,31,10,25,77,88,41,36,90,88,9,88,14,59,40
81,17,75,76,54,57,53,5,28,40,72,10,91,68,-,38,17,51,33,99,50,44,93,10,99,80,35,5,57,59,57,24,51,88,56,23,50,57,14,28,47,58,34,53,30,26,2,24,42,39,45,94,37,32,46,19,72,81,7,41,78,45,5,27,81,57,73,58,29,61,99,77,48,48,51,38,8,12,38,86,76,80,48,8,52,44,93,52,78,42,44,43,45,80,31,7,6,9,40,58
82,9,70,36,6,57,32,67,98,12,85,93,12,40,21,-,85,96,38,68,67,62,31,48,46,16,78,20,99,95,43,46,67,61,90,65,10,8,64,43,38,54,69,83,43,74,74,12,70,39,50,40,98,72,21,12,54,86,30,98,26,77,32,11,61,95,90,96,6,79,56,6,8,97,31,58,15,83,3,75,99,54,60,22,69,31,72,77,86,4,27,64,8,34,8,50,46,32,49,69
64,34,96,95,82,66,81,43,61,77,53,25,63,47,20,69,-,31,89,17,94,5,12,24,52,24,23,40,12,45,81,47,24,7,96,65,20,28,59,21,63,24,53,37,47,29,96,10,94,33,69,76,6,13,64,50,88,43,74,71,86,63,10,97,56,88,23,12,8,11,69,82,79,47,81,24,21,21,20,52,94,26,21,22,13,59,58,57,18,2,44,16,7,1,48,12,96,10,22,29
94,20,56,67,65,40,34,72,1,18,85,95,69,62,97,72,89,-,65,92,11,52,91,53,1,11,89,37,45,90,20,66,60,89,72,55,70,90,28,34,51,60,33,62,9,46,79,8,55,100,11,96,19,1,26,67,47,25,95,11,27,64,92,69,68,76,94,77,11,90,13,29,17,4,97,10,79,72,77,68,65,19,38,73,6,25,53,90,18,13,28,24,77,48,30,30,2,85,4,7
69,67,65,79,18,58,42,71,5,24,12,46,70,13,52,53,96,90,-,85,77,58,3,35,97,46,98,94,60,40,50,99,31,16,94,40,40,77,21,6,48,87,81,80,95,92,29,18,59,53,79,62,18,35,47,17,57,4,15,70,58,57,1,50,31,31,100,15,10,2,57,88,65,52,33,87,60,8,45,61,7,88,39,24,86,28,1,91,47,60,86,55,86,74,43,83,79,48,80,62
47,96,87,70,54,46,76,52,6,55,50,50,40,79,15,93,67,96,31,-,49,59,12,53,100,98,63,98,91,88,42,86,97,54,38,25,22,22,79,63,70,82,84,37,17,33,99,18,23,34,44,26,60,8,24,20,75,95,73,50,5,7,57,66,76,42,45,50,14,50,98,75,24,38,21,29,47,20,9,7,11,22,97,29,17,96,24,96,1,60,46,54,56,17,87,10,52,94,73,13
93,98,77,56,36,16,81,84,40,76,23,35,1,85,14,35,74,8,87,42,-,48,10,56,89,2,32,87,69,71,65,72,16,78,9,8,47,15,9,9,16,60,82,39,83,10,18,81,34,4,13,65,64,69,29,87,69,53,43,86,61,87,38,91,64,14,17,89,27,57,60,86,27,17,5,49,78,83,93,87,18,65,84,34,44,58,6,25,95,91,69,97,30,86,79,5,59,64,37,57
34,2,36,23,66,52,50,95,98,81,67,73,59,40,70,3,76,63,64,53,72,-,38,14,37,56,3,64,33,71,77,85,14,18,30,74,11,5,60,37,47,81,81,69,8,91,65,55,57,59,35,35,3,65,63,86,66,62,62,39,77,33,49,18,56,19,22,57,1,74,53,94,56,79,13,48,62,74,65,1,8,28,27,70,13,49,25,76,8,64,77,16,69,100,42,14,55,82,71,98
87,95,40,27,74,38,96,16,11,24,76,17,80,29,24,85,84,31,31,89,35,39,-,79,72,56,40,27,18,99,58,64,22,6,7,70,66,52,87,97,88,29,8,87,98,68,78,10,48,92,11,56,20,89,30,14,60,6,27,57,11,41,100,39,9,90,47,73,18,41,49,9,7,3,67,68,41,19,35,85,59,50,34,65,80,8,83,97,58,18,58,21,59,71,17,95,3,51,60,61
24,66,52,95,8,61,46,40,12,19,24,14,28,77,28,74,43,78,98,91,39,45,82,-,84,9,70,64,31,73,24,43,25,37,37,33,93,11,68,27,100,20,14,52,26,37,87,43,65,76,56,35,6,33,44,38,53,81,58,50,34,96,43,23,10,20,47,5,28,41,6,39,79,20,39,12,60,83,61,39,37,57,8,55,82,68,45,76,17,17,20,3,68,50,87,33,82,95,79,14
62,71,13,78,51,26,36,14,79,37,50,56,51,49,48,38,60,68,79,88,52,50,94,80,-,1,94,80,19,8,86,55,68,15,41,72,73,59,93,18,86,75,4,10,48,57,63,74,53,41,63,2,31,44,84,71,61,21,51,74,40,17,69,49,38,22,40,82,3,49,78,16,98,94,9,15,29,41,82,51,39,52,86,48,45,1,91,93,85,53,31,23,31,30,70,66,25,88,25,72
38,42,13,9,56,5,46,99,63,11,65,46,22,56,31,26,6,69,58,10,11,96,70,48,64,-,66,48,97,100,17,55,86,26,37,65,63,55,22,31,90,97,44,77,91,75,26,57,85,68,47,47,15,89,11,82,34,88,27,55,72,16,41,10,88,44,45,82,13,96,93,82,81,80,93,40,72,52,11,52,29,36,59,62,26,12,32,48,10,87,96,78,98,79,76,49,9,28,46,26
81,79,22,3,84,12,15,12,35,64,45,6,12,58,70,54,70,98,37,9,45,62,7,85,10,40,-,15,87,54,10,41,16,38,61,97,7,61,56,21,96,74,48,13,31,7,45,83,3,28,94,24,76,65,79,50,44,79,53,5,88,63,46,92,64,88,92,11,3,55,18,9,72,50,7,6,82,44,50,81,43,76,68,79,40,16,48,80,36,62,48,85,24,91,54,62,27,47,59,74
37,83,20,71,85,93,28,17,34,66,80,60,74,10,22,18,65,1,19,66,35,17,1,70,36,91,41,-,2,37,54,49,40,88,90,75,37,35,34,79,14,88,61,80,34,89,68,19,91,2,79,63,50,98,62,69,46,59,13,74,99,54,56,15,48,61,76,73,13,61,82,55,19,7,2,94,86,21,56,34,28,16,25,13,12,21,84,39,59,78,37,81,30,21,50,72,48,5,28,61
99,38,85,96,84,99,1,49,48,70,41,85,28,8,28,35,7,98,33,22,49,32,95,71,95,12,33,97,-,56,40,18,96,98,7,37,63,46,95,74,52,9,3,30,98,55,26,59,71,29,56,55,94,35,100,50,6,11,97,90,29,62,91,15,56,28,28,63,46,27,72,76,63,15,10,75,97,78,80,82,39,23,59,70,29,86,18,43,33,35,79,6,83,20,60,34,73,17,98,13
66,88,68,35,21,29,34,93,48,89,14,66,48,84,18,67,9,97,60,29,89,37,12,76,90,32,76,6,75,-,98,41,40,1,47,31,1,29,23,58,31,87,94,46,68,12,88,12,33,35,4,23,37,63,20,13,87,42,10,75,18,95,52,1,19,92,9,32,13,14,53,97,59,58,79,86,68,57,3,78,22,98,7,31,99,99,48,93,45,7,8,80,91,35,85,45,100,59,5,35
49,96,91,55,63,54,13,17,75,42,12,38,1,53,74,23,12,31,31,45,98,15,24,94,92,9,20,66,21,42,-,9,40,37,95,7,67,80,33,8,56,85,31,77,99,98,59,27,81,41,37,59,57,13,72,63,45,50,26,86,46,26,98,71,47,29,60,70,43,41,6,19,96,81,93,6,86,22,64,43,100,70,72,33,5,67,13,2,65,30,49,69,43,48,87,93,90,68,2,44
32,49,25,15,80,28,21,77,91,55,89,18,68,9,72,95,34,75,90,82,54,83,31,89,26,67,64,62,39,23,34,-,79,50,8,26,94,88,98,65,91,23,60,23,9,91,56,91,7,51,16,90,30,7,89,24,8,9,67,21,29,61,100,42,75,68,29,59,73,33,41,31,23,59,26,87,55,44,25,99,43,16,79,35,5,64,75,2,41,26,2,3,17,69,51,39,32,54,90,46
89,44,60,95,73,82,62,47,19,91,64,28,68,69,59,33,18,94,12,94,74,80,56,83,88,20,28,59,45,40,51,11,-,15,71,32,41,26,18,20,89,44,95,53,90,91,2,93,94,22,100,48,31,97,28,10,30,92,82,96,77,55,17,44,35,52,52,62,92,52,16,43,65,22,74,6,83,14,31,78,33,11,60,17,12,100,27,24,88,35,76,82,50,18,87,57,37,65,23,8
83,98,54,62,44,100,36,37,79,7,95,40,60,68,44,57,35,24,51,38,27,91,45,30,37,76,67,15,72,8,35,75,23,-,12,3,42,84,71,44,14,37,60,21,77,7,41,86,2,52,3,84,96,68,1,66,65,88,46,58,57,10,6,50,11,47,85,38,35,14,48,26,20,56,100,52,28,92,76,1,12,77,29,99,52,60,73,21,84,21,74,76,67,38,84,86,98,22,86,23
30,97,5,39,82,19,51,98,20,38,72,6,73,53,14,45,85,60,69,38,5,53,83,31,61,60,15,14,4,76,8,86,15,37,-,10,39,77,64,42,12,33,37,5,31,78,92,4,79,88,26,69,58,38,84,34,5,56,56,23,61,99,11,19,61,12,64,50,36,51,44,34,11,50,75,72,67,6,25,2,37,39,100,57,85,13,83,60,36,19,40,68,93,55,38,44,92,2,50,76
33,36,94,74,79,23,52,36,20,41,43,83,78,65,62,20,21,28,48,33,60,34,27,24,8,43,12,79,67,79,95,12,59,78,67,-,71,97,31,12,53,82,49,67,4,29,8,72,58,11,66,84,94,33,45,51,98,71,27,24,33,10,61,57,30,49,80,67,22,71,20,47,50,23,40,17,55,37,72,44,31,64,44,26,63,72,39,43,87,49,32,99,56,92,11,5,63,19,36,40
49,50,84,19,88,82,24,48,81,4,67,89,50,79,45,82,64,55,41,13,37,2,77,13,55,93,51,4,90,30,100,89,1,55,54,91,-,41,15,39,4,9,71,100,78,85,96,87,50,58,64,73,60,66,63,81,48,27,12,13,11,56,58,37,69,86,37,85,72,41,14,19,100,56,50,93,15,72,59,12,70,25,46,64,35,27,83,12,76,32,58,59,81,80,50,91,79,77,59,8
40,27,63,51,12,29,92,51,36,1,67,45,3,95,78,75,75,25,63,14,35,32,88,92,3,39,44,79,68,57,66,3,25,17,5,80,56,-,23,23,86,63,38,70,2,67,6,81,31,11,65,51,82,47,81,8,30,35,100,50,88,51,80,67,72,41,68,8,90,54,47,18,21,2,92,28,80,2,100,43,51,38,10,9,30,20,49,60,32,12,50,18,16,66,65,98,41,27,30,90
11,13,92,37,57,13,65,44,5,24,79,64,63,72,9,88,15,24,80,15,5,24,88,64,54,10,26,23,86,44,63,33,39,65,57,82,46,14,-,88,70,10,79,91,44,10,31,77,88,22,92,73,3,22,14,73,20,100,4,8,75,27,79,44,76,57,69,47,22,31,44,47,70,75,100,69,78,74,9,21,76,21,95,9,35,7,44,21,76,64,81,75,14,85,19,62,72,43,31,25
38,6,65,52,79,27,41,77,76,64,18,23,22,47,91,19,21,39,39,90,30,94,34,82,64,71,65,93,13,65,57,42,24,94,83,70,78,57,64,-,17,98,86,87,63,33,13,40,16,19,45,87,72,98,84,30,59,53,62,29,27,39,94,9,26,33,34,60,95,63,64,81,4,56,4,70,94,53,40,9,86,72,89,73,64,49,58,29,83,18,56,97,14,71,51,13,95,46,24,33
10,43,24,14,4,72,75,98,36,33,7,16,34,93,82,1,89,56,59,12,57,71,51,13,41,14,27,84,77,59,16,5,35,36,45,39,31,58,34,53,-,68,76,68,38,48,35,81,59,46,7,36,86,24,46,1,95,61,16,49,11,44,67,73,71,68,38,28,40,47,31,25,8,47,86,39,87,92,60,5,46,18,54,74,49,44,58,32,71,64,25,72,31,80,59,44,66,18,25,13
32,7,3,55,68,58,93,82,69,11,23,54,90,99,39,82,2,79,71,17,60,40,66,10,82,30,35,16,83,77,14,35,26,35,81,99,38,1,29,68,1,-,92,58,47,9,3,29,44,76,39,1,53,34,62,3,57,54,95,97,32,12,94,86,65,88,29,81,51,51,36,65,65,92,14,84,39,10,77,77,75,49,84,91,68,31,64,48,17,62,16,38,72,69,18,78,71,83,33,46
91,28,56,85,24,47,17,57,26,44,58,93,63,9,21,85,46,41,25,81,34,52,37,78,42,28,39,90,32,14,73,56,95,62,79,49,18,39,76,22,51,77,-,75,2,57,43,76,42,20,73,59,34,8,13,44,21,53,35,78,96,8,99,32,81,53,94,16,80,81,97,8,39,60,92,75,64,13,81,85,80,37,61,74,94,10,27,21,23,41,76,12,30,88,95,67,81,40,55,72
19,44,53,26,96,81,26,80,41,2,67,87,68,84,96,26,75,35,60,36,72,71,97,71,73,25,40,53,56,75,8,82,70,92,30,87,38,93,23,43,35,16,44,-,98,24,15,14,37,13,15,22,94,56,67,61,25,89,2,7,45,21,100,56,56,52,52,31,37,1,94,2,2,41,99,93,41,6,87,32,79,40,45,100,93,47,75,66,25,59,90,82,96,2,100,5,46,43,56,96
82,70,73,28,89,6,58,14,3,51,93,98,85,80,91,39,40,91,55,83,18,41,40,52,52,98,13,54,23,38,20,75,17,74,62,77,18,22,86,73,73,46,23,57,-,29,67,51,29,59,59,49,76,96,43,25,1,31,2,43,5,98,24,41,39,1,65,85,75,81,64,35,57,44,88,81,56,87,12,17,66,2,98,55,74,86,70,58,31,20,11,52,40,91,90,98,52,13,27,21
81,34,74,8,43,49,82,51,92,85,73,17,95,47,53,76,34,86,16,13,35,95,10,91,23,57,48,92,37,35,90,60,75,49,14,66,24,16,6,46,96,37,8,3,5,-,54,48,4,62,90,32,4,25,34,99,48,57,29,11,79,56,100,16,78,30,37,100,77,83,76,43,6,17,72,42,99,33,2,2,56,30,86,97,42,58,15,16,76,89,1,93,85,22,42,40,72,57,89,59
91,38,31,68,49,81,10,56,82,21,32,11,92,67,28,74,61,83,69,100,7,70,75,27,62,72,54,81,79,42,79,79,25,79,46,63,79,43,40,90,71,10,58,22,12,30,-,53,63,99,85,30,73,68,38,20,74,78,31,96,87,43,36,92,46,95,55,54,14,34,2,62,1,35,71,85,63,82,61,81,82,33,8,19,37,72,72,27,47,89,37,53,18,82,44,68,91,87,12,88
46,77,70,50,30,55,64,87,85,17,58,63,69,29,18,26,55,88,6,92,27,63,70,17,81,30,94,75,55,49,17,11,67,59,88,43,32,6,71,72,99,31,60,56,66,12,19,-,36,39,8,74,61,56,14,89,19,73,64,5,77,56,6,48,40,2,81,30,63,51,50,70,78,46,10,23,30,21,41,35,97,53,88,41,7,56,59,96,98,4,60,46,39,61,27,61,5,77,23,76
97,7,32,63,58,27,71,41,42,29,15,45,10,48,94,16,63,3,14,68,23,97,30,81,26,71,67,18,79,29,36,48,80,98,21,85,40,85,71,48,56,10,14,31,74,76,11,53,-,1,88,76,3,19,73,29,45,56,30,26,4,83,69,48,12,68,22,47,55,81,22,87,9,6,82,58,76,35,63,34,17,32,95,97,17,66,32,32,1,69,20,54,51,65,94,2,16,32,56,82
46,8,63,4,97,73,50,69,50,6,82,37,5,79,13,65,39,39,69,49,88,9,79,56,9,41,9,28,68,96,20,30,99,54,69,48,14,8,63,88,64,96,78,16,28,62,68,95,75,-,97,66,69,67,29,44,7,16,32,83,61,33,64,7,3,47,59,37,75,95,66,67,32,65,79,4,26,24,84,16,98,76,86,93,20,82,73,100,95,77,17,21,49,35,3,29,67,66,88,33
78,86,26,87,6,49,23,6,7,49,50,41,71,4,48,3,68,61,39,64,7,83,55,86,13,14,85,94,16,29,2,8,66,50,60,23,88,2,32,2,4,30,33,81,73,91,32,86,92,47,-,72,49,10,25,24,70,97,40,60,52,89,95,67,53,65,9,33,47,70,75,30,36,75,20,48,71,99,40,50,92,1,67,55,40,30,79,7,33,61,78,12,26,38,84,14,72,11,43,64
74,36,60,9,100,58,77,81,91,7,35,23,17,99,27,84,15,24,5,45,59,14,59,58,97,77,45,24,11,47,77,59,35,95,6,19,40,51,17,31,1,24,56,18,45,7,75,47,60,29,33,-,55,54,55,98,21,76,94,97,81,7,89,59,93,23,22,81,16,57,60,57,89,79,57,93,23,58,69,36,59,83,2,19,86,77,59,57,4,89,62,52,22,52,14,86,12,86,54,12
76,94,93,72,12,100,11,8,23,94,44,9,30,48,5,15,31,82,41,42,5,31,7,48,95,25,84,13,73,6,76,49,22,5,95,12,73,84,17,36,56,74,44,71,38,43,98,53,49,38,74,61,-,92,11,47,90,6,79,30,5,59,79,24,46,85,97,64,65,71,16,54,38,25,18,35,6,86,29,93,21,46,2,93,87,72,86,36,39,74,39,23,41,58,33,19,7,23,50,5
53,61,95,51,65,1,59,49,25,36,82,70,81,83,73,47,29,57,73,49,34,67,79,28,92,99,18,41,33,73,99,16,49,49,5,68,51,30,60,98,23,100,82,45,17,22,28,88,21,11,7,57,96,-,31,98,54,25,87,55,19,50,5,44,32,86,37,76,97,91,45,66,53,4,22,35,97,3,40,51,68,75,61,67,98,82,91,87,53,50,40,25,49,18,25,9,24,60,99,91
22,3,38,98,81,23,94,47,83,67,8,14,20,26,99,66,34,22,8,15,58,83,3,13,33,50,56,32,29,2,66,97,38,88,33,21,29,57,73,80,48,64,97,13,51,69,68,95,97,43,23,52,55,77,-,35,28,2,55,50,13,30,19,18,6,61,83,58,58,74,62,71,59,55,71,32,50,59,35,96,9,10,74,90,43,82,40,99,20,69,57,63,93,85,16,76,27,52,53,16
45,35,72,63,14,50,51,69,13,96,22,35,5,66,72,89,82,13,95,9,77,53,59,29,18,68,65,58,1,4,98,53,94,60,54,34,19,13,52,90,29,47,35,45,17,19,68,17,99,20,42,72,95,43,85,-,59,19,47,13,1,39,100,52,55,41,84,2,25,33,68,63,80,87,83,67,81,74,63,16,78,7,57,16,48,52,42,79,46,9,4,85,34,57,92,27,57,40,3,53
53,88,21,92,76,70,12,42,18,4,74,76,38,97,24,78,11,64,30,85,80,51,7,3,77,14,9,37,16,83,97,100,83,100,13,13,44,51,100,17,98,14,39,15,80,92,100,32,94,84,77,13,53,11,46,98,-,19,14,40,44,47,62,41,40,88,18,81,3,38,11,72,9,33,10,32,24,38,76,19,17,95,79,68,49,40,1,99,70,28,63,66,8,76,13,50,90,41,70,100
73,40,12,87,35,100,59,31,94,81,84,45,8,98,67,35,60,22,82,6,83,40,15,85,17,47,87,66,17,38,100,67,37,88,100,79,9,60,42,98,71,75,72,51,72,90,94,36,44,2,43,67,100,84,75,1,2,-,97,97,32,46,85,43,51,90,78,52,23,49,67,24,63,87,14,19,60,48,30,83,31,68,21,42,28,22,28,26,54,16,50,78,51,24,90,52,57,45,5,64
16,62,86,92,15,4,79,7,80,27,24,5,22,91,93,22,25,76,89,28,43,17,68,2,41,65,33,66,37,80,76,40,33,22,35,28,67,12,72,74,29,39,69,68,76,98,62,29,51,81,36,80,66,85,28,20,94,85,-,94,42,73,84,42,87,67,59,60,86,1,66,77,41,67,35,86,2,38,83,71,89,36,72,80,67,4,81,39,46,25,60,35,26,65,59,12,80,27,52,43
81,76,73,93,74,20,91,19,19,24,80,49,1,13,44,73,99,9,83,68,90,54,94,70,61,78,19,50,61,78,60,34,95,87,40,70,44,5,53,68,84,33,94,42,30,28,88,49,11,10,12,56,97,67,5,41,64,80,94,-,82,11,80,68,90,58,55,77,76,23,30,16,76,59,77,25,65,41,5,89,100,15,79,77,63,42,72,46,21,47,33,41,61,67,87,62,41,19,51,82
50,41,60,85,93,83,84,36,7,100,58,87,86,95,67,66,23,42,2,80,17,53,44,57,32,10,72,85,45,23,96,98,16,87,27,58,16,29,7,31,95,32,59,55,91,56,95,5,28,70,1,31,87,86,60,39,54,85,18,15,-,46,41,55,29,2,69,26,86,18,5,42,34,26,30,7,4,30,52,26,26,19,52,52,20,36,72,32,16,89,49,48,45,58,71,29,61,71,16,94
51,66,56,32,89,91,71,39,81,66,50,52,12,53,2,49,56,38,37,34,53,24,47,76,66,72,57,52,17,62,32,8,97,95,92,71,43,61,88,95,99,96,91,4,1,43,51,43,18,91,95,56,4,43,37,97,92,55,34,53,45,-,47,42,97,24,49,90,100,32,25,17,16,46,58,99,34,55,30,59,73,50,35,93,18,16,17,18,63,99,95,42,92,86,50,3,52,58,3,26
81,76,87,42,2,98,43,39,77,52,27,97,50,38,45,96,15,74,42,63,60,67,81,58,68,50,52,84,58,25,93,89,6,98,62,54,66,73,94,30,41,23,45,82,73,76,97,37,74,60,52,95,95,51,65,46,50,9,94,72,70,8,-,8,65,76,77,26,61,79,69,53,86,67,8,99,92,30,6,80,28,7,58,86,65,97,11,24,86,70,2,45,4,54,44,90,97,36,19,40
98,46,57,69,33,33,16,8,94,42,67,15,58,74,3,11,52,33,87,23,27,83,97,66,16,7,84,29,26,1,15,73,4,1,98,83,83,13,38,88,71,54,63,44,39,81,98,16,18,87,76,67,21,2,39,1,57,99,75,92,48,81,71,-,58,85,99,92,51,42,53,67,12,64,31,81,31,27,44,73,38,91,20,80,41,91,21,22,65,70,74,41,83,21,16,94,95,57,92,91
67,41,90,66,42,60,66,41,24,84,35,37,77,87,26,94,90,80,9,99,16,31,12,37,84,62,64,4,55,71,58,84,41,26,25,31,12,24,39,4,60,88,24,87,83,91,18,14,34,95,55,43,82,10,14,65,93,23,80,87,88,21,52,6,-,25,81,20,56,100,8,79,78,86,37,35,83,99,68,54,44,96,35,89,44,31,59,89,55,22,99,89,4,47,73,9,60,51,52,59
41,28,65,98,39,42,98,14,65,64,11,11,1,6,25,34,15,50,89,2,100,64,64,16,41,72,81,94,54,54,42,83,43,39,82,94,3,56,92,73,36,96,68,9,31,88,1,69,41,15,74,34,77,67,52,28,52,96,49,83,31,17,24,89,79,-,87,3,10,47,92,55,17,80,65,6,98,7,37,90,65,16,6,28,62,94,53,20,39,18,29,68,76,64,72,19,28,62,29,96
39,96,70,59,25,10,90,22,49,21,6,70,46,54,20,2,28,66,2,100,38,39,100,66,87,55,9,82,13,58,43,68,18,35,54,73,26,47,30,68,54,42,99,28,65,89,67,79,11,98,75,37,71,42,57,93,29,84,31,73,22,16,78,100,33,35,-,29,37,18,48,69,86,14,98,26,30,78,68,9,69,28,98,81,55,92,70,80,6,4,11,54,61,23,51,3,59,61,56,95
69,91,62,14,68,33,9,28,69,53,69,42,22,78,53,25,98,69,36,100,39,44,22,19,14,32,3,94,25,41,19,57,82,68,25,21,89,90,7,38,64,87,79,72,9,41,77,12,24,17,58,45,22,86,49,89,14,77,81,66,68,6,17,45,24,25,98,-,95,15,55,62,13,61,31,6,34,66,82,17,30,6,29,5,77,13,25,96,82,33,82,61,37,83,78,99,54,84,14,35
26,61,17,16,32,83,78,9,44,18,23,50,41,58,11,53,94,84,24,58,62,72,73,36,77,89,7,88,26,67,14,77,55,98,71,51,62,16,9,66,48,14,46,38,17,48,7,79,52,36,34,87,67,78,93,55,47,36,45,67,49,40,91,92,62,72,79,72,-,42,68,57,1,91,25,36,82,79,6,33,69,3,33,30,32,74,43,34,94,24,74,27,84,34,88,66,80,77,52,87
33,50,39,29,24,70,1,30,75,72,45,95,51,92,16,21,14,59,5,44,53,55,93,20,69,78,56,62,69,69,69,71,6,49,50,42,5,11,47,90,1,29,22,65,69,23,27,44,51,37,51,100,25,32,84,82,87,41,47,49,25,73,84,10,15,3,90,34,22,-,81,32,85,84,20,8,36,83,66,94,27,6,34,40,4,78,30,55,42,25,92,69,21,44,7,30,56,96,73,92
7,95,34,62,14,91,47,71,39,50,68,19,27,84,9,53,21,54,69,69,42,70,29,87,62,15,86,11,68,31,82,19,97,12,38,79,83,6,54,13,5,11,3,89,46,27,81,40,47,11,90,79,70,38,34,98,20,23,76,12,48,17,22,27,51,54,75,26,69,94,-,29,57,87,64,42,53,31,30,1,28,20,92,75,70,70,93,68,78,25,38,61,24,53,1,32,45,44,94,9
76,53,38,79,66,8,55,21,62,23,94,43,75,7,31,73,77,59,37,74,82,30,38,78,10,85,93,78,21,25,77,65,56,94,65,8,51,40,10,41,38,81,79,1,84,88,5,91,20,35,4,32,80,10,86,31,46,50,33,52,11,73,92,99,33,95,56,79,51,45,12,-,72,40,19,92,32,53,25,26,73,99,74,49,40,71,93,82,29,62,20,81,49,7,18,61,45,50,53,35
10,83,91,48,52,36,53,43,65,9,15,58,21,37,7,91,21,80,89,94,78,31,19,12,48,80,48,77,19,22,86,50,28,66,72,58,40,70,9,32,77,98,56,78,2,34,22,88,36,71,33,100,88,97,51,77,65,66,71,96,85,35,15,75,69,49,78,88,34,69,98,42,-,52,94,30,61,31,34,20,16,47,10,67,18,95,8,30,89,5,29,74,99,93,100,77,18,65,52,72
41,58,41,87,13,58,44,93,38,11,8,41,51,73,42,89,14,40,36,98,53,36,68,28,81,52,96,8,21,85,31,11,97,32,94,87,48,6,35,71,50,63,24,16,48,8,87,1,16,59,73,17,57,45,81,76,71,81,40,45,24,75,80,22,69,94,32,73,20,37,55,52,19,-,15,26,16,6,20,75,28,42,69,7,52,24,5,66,58,19,79,21,92,29,79,29,8,92,90,46
92,100,17,24,66,83,58,97,70,67,10,50,15,83,79,43,29,76,61,38,43,23,27,36,16,25,40,32,87,59,45,16,94,41,97,9,62,89,85,58,99,49,4,92,81,29,8,66,38,57,77,76,74,42,50,47,73,92,8,74,53,35,84,46,90,55,43,17,39,28,87,24,72,11,-,54,20,53,1,15,42,6,52,55,94,4,3,68,47,97,75,29,62,91,23,43,28,47,85,10
34,89,65,65,73,89,89,66,57,77,28,36,42,94,97,21,76,52,50,50,33,47,40,80,27,34,13,46,30,90,53,89,27,69,82,87,92,74,15,99,94,47,26,28,32,47,38,88,12,90,23,67,98,17,94,65,3,69,92,46,97,37,53,3,11,8,54,9,47,50,84,22,49,4,57,-,12,89,70,57,42,35,3,36,9,18,85,60,62,5,5,35,72,85,83,74,3,22,39,86
25,96,96,94,67,69,74,55,82,73,55,91,24,29,52,9,90,22,13,18,48,82,58,43,5,64,39,10,11,39,98,38,24,9,38,37,9,1,74,81,58,92,79,100,4,92,50,79,80,91,47,37,51,58,45,62,73,86,24,76,13,11,61,59,46,73,81,79,80,81,41,95,42,2,17,87,-,93,26,65,10,60,31,98,54,100,75,50,95,13,90,34,82,66,3,45,90,61,55,79
17,4,84,63,41,82,78,4,76,84,71,34,45,86,32,34,63,86,94,9,89,77,4,88,71,86,69,57,30,14,40,65,7,60,97,30,9,49,71,24,98,15,25,23,47,26,13,26,56,4,75,46,4,32,77,48,73,50,30,4,35,34,100,82,95,89,59,31,49,79,71,73,87,77,28,83,11,-,3,57,84,13,36,66,5,75,18,88,47,17,99,1,42,55,63,13,68,54,24,56
50,66,15,79,95,16,18,3,53,90,66,88,78,45,30,19,66,5,77,24,60,42,25,13,9,9,75,85,41,69,91,16,1,80,77,99,17,74,16,29,71,7,22,95,7,35,35,26,93,13,51,70,14,87,78,25,23,61,13,37,64,59,63,71,100,55,88,91,21,22,92,88,2,56,14,68,25,69,-,60,77,40,77,47,82,62,10,98,97,71,43,31,19,19,96,98,49,100,73,10
71,87,71,94,12,95,95,75,2,82,5,70,9,9,2,36,98,35,38,95,64,34,57,58,5,56,62,55,5,45,65,19,53,86,27,80,92,46,32,69,35,15,89,70,5,44,69,76,46,76,66,89,73,60,32,100,21,100,69,59,20,17,7,67,58,70,61,12,59,69,90,35,81,30,94,67,41,86,82,-,9,65,60,46,16,2,67,4,58,42,96,11,91,71,23,25,71,76,95,13
100,24,62,10,14,97,40,86,83,29,35,89,21,7,44,87,99,82,4,52,33,5,31,29,78,25,40,16,21,14,37,64,56,76,85,17,87,19,16,22,7,28,91,75,65,76,91,8,2,97,65,4,54,32,20,55,92,18,44,43,82,98,27,60,97,26,73,8,22,51,72,32,40,71,83,6,48,78,3,11,-,77,56,4,10,23,55,79,65,99,99,44,95,81,26,64,14,53,67,20
91,3,27,42,78,17,56,23,23,84,20,84,56,67,99,27,46,3,87,37,90,21,30,19,75,36,93,43,43,60,82,15,72,56,11,85,29,57,32,50,74,68,89,4,30,51,91,52,42,59,31,65,79,18,13,27,10,2,22,2,16,23,45,43,14,8,80,38,25,38,4,77,40,53,20,12,27,87,86,22,81,-,100,15,56,53,95,19,77,37,72,50,60,11,53,58,74,7,35,10
50,80,20,75,37,13,68,85,3,57,16,22,91,100,51,48,50,4,90,91,52,100,51,30,2,35,2,19,59,42,56,51,8,77,75,62,8,28,15,82,61,76,25,32,17,55,98,9,20,65,35,94,18,57,47,53,49,66,83,29,63,35,74,22,40,67,55,36,8,60,54,16,82,89,96,72,50,19,13,7,78,3,-,30,84,75,43,30,49,18,20,73,15,2,79,62,88,55,27,4
77,51,23,68,6,8,98,44,33,15,82,92,92,87,86,82,71,99,75,7,21,84,70,37,27,58,59,29,95,98,73,92,90,14,77,69,57,27,75,42,55,48,68,40,5,85,54,77,60,76,7,78,79,76,35,43,42,18,100,87,83,45,5,78,78,5,98,94,53,100,75,44,59,39,23,34,51,89,17,22,94,77,18,-,76,14,68,85,10,82,91,86,95,45,1,46,53,86,88,20
20,72,1,31,54,65,31,61,31,28,72,55,37,50,86,6,31,25,10,78,57,27,75,24,29,64,28,19,24,66,96,30,43,66,12,52,25,51,50,33,65,74,13,91,96,51,36,52,79,49,98,34,98,47,67,34,46,40,47,66,62,91,41,56,13,53,96,7,11,42,46,46,22,33,18,40,47,66,9,90,37,61,89,75,-,90,64,99,39,18,89,30,96,91,1,73,40,15,87,15
66,64,2,68,31,15,77,49,51,28,14,5,64,37,71,96,71,25,24,82,1,64,42,33,13,76,4,5,22,57,64,86,28,99,12,50,96,10,29,85,39,23,31,61,36,30,83,76,98,57,88,65,84,88,54,62,61,47,20,84,39,15,79,91,92,62,16,96,3,79,32,26,65,11,68,54,35,4,42,42,24,71,43,60,33,-,88,77,82,48,11,32,72,76,7,49,9,90,33,18
32,32,37,98,30,3,38,3,2,94,4,2,77,50,53,88,52,91,80,5,45,83,13,22,96,34,79,5,79,10,17,25,8,46,83,22,92,63,2,72,90,78,68,19,53,34,45,10,90,14,19,3,81,55,11,28,13,71,27,5,82,3,29,59,14,81,75,3,43,23,26,91,13,19,97,19,5,86,11,48,31,31,92,75,22,81,-,31,10,39,65,54,64,62,17,51,77,41,26,12
40,99,39,31,55,50,41,99,55,42,12,44,93,96,87,52,37,68,8,58,11,47,64,8,80,38,96,34,58,70,80,27,58,54,15,81,20,84,5,61,10,83,77,74,32,90,97,96,34,98,26,46,16,33,10,67,31,34,46,71,50,67,37,58,47,2,66,1,81,96,11,87,3,84,28,92,9,21,50,63,86,47,83,24,11,22,13,-,4,58,31,86,30,47,77,61,5,49,68,88
80,40,11,70,89,80,34,1,95,26,10,24,91,17,63,49,47,56,75,56,48,31,38,77,5,83,88,32,39,84,34,82,35,10,44,2,45,17,67,21,93,33,23,52,91,15,64,70,42,82,34,34,34,55,52,56,77,31,62,61,12,48,84,19,13,48,16,90,24,83,72,74,11,66,48,89,49,97,84,40,65,8,32,49,25,65,7,68,-,73,74,97,18,89,63,7,1,97,33,21
87,48,86,82,22,30,18,20,39,26,26,26,95,14,32,20,13,100,24,56,15,79,45,92,47,49,57,74,1,32,67,58,96,78,58,9,58,60,4,27,37,54,11,12,86,68,22,47,50,39,81,70,47,24,85,96,11,62,74,43,58,80,12,82,24,18,86,80,75,62,95,32,35,78,68,43,69,6,73,4,30,73,80,59,44,97,38,33,59,-,9,46,52,51,62,55,11,4,40,27
68,6,12,30,64,7,28,63,89,4,43,30,39,76,60,94,48,54,45,51,55,72,50,84,31,99,48,62,41,43,63,19,63,94,24,81,45,98,99,40,68,67,26,49,90,24,34,8,53,26,68,39,6,11,32,97,42,47,13,48,2,50,47,25,2,21,78,84,12,68,34,86,16,11,18,6,35,24,41,40,86,38,78,100,46,94,98,85,70,43,-,11,93,19,1,6,95,66,38,5
59,90,19,49,45,96,23,43,98,1,48,29,38,18,72,98,38,36,84,70,19,98,31,88,17,58,55,44,75,26,41,33,94,40,50,13,49,26,43,87,2,61,24,48,94,73,3,96,100,78,8,75,89,96,6,10,66,3,32,95,20,34,12,90,23,37,72,58,16,64,5,74,3,61,9,58,98,10,21,93,74,98,38,24,95,78,2,22,46,14,46,-,77,39,39,15,96,21,82,63
37,21,71,95,55,55,26,74,3,51,17,7,62,73,67,53,81,88,18,3,19,100,85,14,36,75,82,16,61,1,32,47,52,21,7,49,9,45,90,95,61,22,88,11,42,85,61,57,44,60,23,60,93,44,4,85,57,32,88,22,92,8,53,59,86,6,10,56,84,7,5,96,46,38,51,62,80,31,21,76,73,92,85,15,10,50,66,77,33,60,100,98,-,17,21,82,3,32,22,55
61,2,91,61,74,35,29,1,15,86,35,83,58,97,53,68,18,66,9,3,73,25,50,7,49,85,81,83,4,15,65,25,53,24,94,89,26,99,31,53,34,59,71,45,6,57,5,60,72,8,18,51,23,92,59,94,7,82,17,75,57,4,8,14,8,81,16,100,68,80,74,64,18,13,19,20,33,4,96,41,35,61,51,62,21,77,42,51,82,8,57,36,95,-,64,41,86,96,78,33
8,92,45,44,6,18,22,37,68,49,43,77,80,57,68,55,10,3,56,34,54,14,52,67,96,90,6,46,45,90,50,67,1,97,48,67,61,27,36,29,34,15,64,60,78,61,44,48,76,44,4,97,91,81,67,86,33,4,94,26,13,72,18,11,28,56,51,97,38,22,33,26,12,88,48,8,44,71,25,24,17,88,88,60,4,40,25,26,7,9,28,90,9,9,-,29,6,80,46,23
70,93,19,56,64,45,50,88,96,67,46,32,81,69,49,89,23,25,30,24,12,41,95,100,96,100,17,31,39,38,39,76,19,2,62,64,71,51,95,48,82,77,66,64,1,98,83,14,55,93,77,39,56,26,23,54,41,63,3,28,25,96,50,80,7,97,55,89,51,11,74,48,23,68,10,90,77,83,93,44,35,72,75,13,93,37,100,8,9,46,90,84,18,95,44,-,43,78,30,44
44,41,63,13,73,59,66,3,40,67,98,19,4,21,44,59,17,31,77,95,50,40,83,39,20,55,36,86,38,37,62,61,3,71,53,10,58,35,4,93,78,56,97,30,87,28,22,99,62,69,97,45,83,7,79,27,48,75,60,3,62,79,55,70,57,38,93,57,49,41,9,56,61,62,86,31,31,58,47,80,19,66,12,23,99,93,75,85,36,8,63,78,36,92,8,60,-,39,99,69
59,56,85,45,30,99,71,55,62,99,59,71,88,93,15,72,80,75,80,87,27,51,91,45,16,45,26,36,72,24,80,69,43,91,33,82,56,14,8,75,72,70,8,33,93,76,3,16,45,51,73,43,29,45,40,55,1,90,12,47,24,49,5,3,10,67,65,80,47,78,46,38,39,91,75,19,15,61,18,79,90,6,100,100,37,96,31,79,90,22,45,91,37,54,68,40,63,-,60,99
75,64,31,72,44,76,76,48,32,76,40,79,28,24,65,65,12,84,75,26,35,5,24,51,36,22,16,98,47,4,46,82,93,73,31,74,30,91,42,19,81,35,100,76,2,68,48,56,11,46,41,22,64,59,62,40,34,1,58,3,77,67,67,57,87,19,23,61,68,1,5,95,90,10,30,96,42,29,96,84,64,20,63,83,91,52,42,28,44,6,79,36,15,55,67,49,4,99,-,1
47,92,16,16,98,74,41,53,90,4,4,23,20,89,53,5,77,76,38,42,80,75,14,80,71,57,25,48,11,40,76,58,1,95,65,53,20,58,67,11,19,33,67,34,39,76,74,34,18,29,82,91,41,35,65,93,35,30,69,27,85,70,46,73,3,93,54,31,98,80,41,25,93,95,69,74,97,88,20,65,67,59,37,9,68,79,90,32,36,40,36,93,5,19,76,92,47,33,70,-