150
0
-,35,73,46,13,57,85,78,34,83,1,14,27,8,25,36,66,81,18,34,57,51,68,33,87,98,58,70,30,38,98,65,55,26,26,84,93,51,15,47,28,72,31,1,57,37,35,20,5,47,87,5,10,37,73,50,31,23,7,11,78,28,22,98,33,35,86,85,79,68,19,17,5,87,68,19,71,84,81,45,26,18,40,18,67,24,79,21,68,27,73,51,99,67,94,5,16,33,20,94,19,39,60,55,71,81,76,97,79,35,86,2,96,36,53,61,89,58,15,13,40,33,39,74,65,42,60,47,96,90,56,41,71,24,2,65,85,68,91,41,31,67,44,96,49,83,5,86,76,52
93,-,94,50,80,69,83,54,65,42,79,36,26,57,20,81,67,69,80,67,61,15,90,87,69,96,85,25,66,79,77,7,23,52,99,30,49,69,71,52,5,30,62,4,97,10,100,98,88,84,92,52,4,96,15,9,12,22,89,13,47,60,40,4,72,6,30,84,64,31,97,50,76,92,40,68,34,84,81,30,66,85,74,2,94,47,71,83,36,19,6,91,60,14,17,33,54,82,24,80,15,27,94,31,49,45,60,84,25,92,67,40,9,10,97,75,43,47,37,28,23,41,64,34,11,57,29,35,18,99,9,67,24,73,64,92,8,71,5,52,84,34,79,30,64,55,92,22,18,87
30,67,-,89,80,21,6,66,54,99,3,42,19,90,69,6,8,49,37,94,55,53,32,37,25,6,50,82,43,52,45,24,8,78,21,74,88,12,61,62,1,3,24,75,46,48,56,22,16,67,81,9,19,25,90,44,43,11,9,71,48,55,20,65,78,94,95,90,36,27,17,49,72,65,50,43,41,61,28,98,38,43,26,98,12,45,50,62,95,3,29,76,29,82,74,84,68,65,62,34,55,25,87,6,48,40,9,41,61,34,35,18,31,63,72,49,95,72,59,63,29,96,89,43,74,43,3,78,28,81,86,86,40,6,81,70,28,79,78,52,42,68,76,49,14,23,78,88,85,82
37,19,19,-,56,62,96,94,60,92,61,76,62,45,9,10,89,41,7,23,17,18,48,75,67,9,23,69,44,90,1,26,39,71,84,51,10,65,58,3,19,35,68,15,31,12,56,41,10,1,49,45,29,91,41,67,77,42,60,86,69,11,30,72,5,42,40,45,71,53,1,41,81,91,26,75,11,78,71,66,83,44,65,6,11,89,89,16,81,58,76,80,89,95,28,74,41,59,10,53,32,62,3,31,6,70,43,82,63,47,38,18,31,96,92,87,73,73,69,87,37,69,73,42,59,48,1,22,38,4,10,68,61,59,6,3,77,45,25,77,55,96,76,49,18,60,49,52,98,9
10,84,22,93,-,49,6,19,93,21,55,21,29,12,19,96,34,53,47,76,86,93,31,74,61,26,20,5,99,13,6,86,7,90,100,54,38,1,59,1,98,98,58,7,13,14,87,14,79,55,59,24,96,38,97,6,85,63,57,19,18,24,58,52,38,4,92,56,13,42,52,66,93,83,73,8,89,60,60,96,85,65,88,32,52,31,49,6,68,80,39,28,8,9,84,89,34,69,65,25,72,48,19,17,8,54,6,42,16,4,11,72,43,88,10,4,25,84,80,55,6,51,25,20,25,43,18,28,20,15,89,50,92,82,89,28,1,21,89,18,5,10,51,4,95,62,22,57,53,14
99,83,96,65,99,-,72,98,35,27,36,92,3,82,76,7,36,6,88,2,6,64,27,89,27,1,70,66,43,93,1,57,69,46,59,41,67,96,12,92,40,9,21,85,38,38,30,43,72,42,43,51,53,61,15,96,44,27,27,2,44,40,82,46,98,48,19,6,97,55,98,15,17,98,97,50,80,31,21,84,10,74,5,60,73,12,78,38,77,39,10,62,20,98,72,57,13,50,33,4,9,92,44,74,45,13,71,63,70,18,26,84,83,76,20,40,40,41,19,52,79,5,73,82,91,24,66,84,93,59,75,58,16,65,51,93,7,27,50,54,42,17,6,87,86,18,97,99,48,4
41,79,27,80,5,34,-,52,37,75,51,91,44,34,64,73,80,93,93,21,5,79,86,33,47,36,88,82,3,36,13,58,56,60,50,14,13,23,76,49,96,16,98,95,24,67,23,28,48,83,92,24,11,7,57,40,7,76,20,22,66,90,68,16,62,16,49,73,71,98,90,20,44,56,29,81,99,88,46,77,39,82,59,77,22,49,97,43,19,100,67,26,78,73,47,26,21,40,10,94,24,5,23,9,78,68,31,46,85,49,76,5,45,9,38,21,27,42,88,2,83,78,93,69,93,93,86,85,46,1,2,21,24,20,35,15,59,22,18,79,38,68,86,91,90,72,70,77,51,20
37,31,13,13,55,87,87,-,55,87,31,44,26,82,91,38,22,97,80,92,36,37,46,34,92,68,52,70,59,22,72,100,32,5,77,82,55,84,80,9,80,30,67,62,18,85,42,25,33,10,100,68,55,40,67,80,11,34,6,96,61,13,65,33,82,66,78,1,84,89,14,61,41,50,96,11,22,15,2,76,53,76,26,66,78,72,58,87,20,41,85,36,88,32,16,89,66,39,35,87,17,4,3,93,29,45,14,61,83,41,91,48,4,21,23,40,16,26,58,81,74,68,54,8,1,69,77,88,13,81,29,6,16,100,6,46,26,43,85,25,12,55,25,87,94,18,57,80,88,99
80,2,7,30,6,3,27,8,-,22,84,30,94,37,37,81,1,13,61,93,48,35,14,50,86,92,13,25,84,4,64,28,19,57,61,15,79,79,63,71,95,38,65,6,48,97,94,57,56,33,91,53,19,40,72,46,74,26,47,1,71,90,38,87,46,73,18,1,1,84,19,77,31,69,100,34,17,2,40,84,72,34,34,74,9,45,66,67,64,78,54,1,58,7,63,58,100,21,66,68,25,41,90,42,25,20,2,22,68,40,9,33,95,94,86,12,71,70,19,43,4,86,15,39,73,16,44,67,77,18,47,35,27,60,12,34,26,63,90,79,3,11,51,59,91,46,23,54,7,32
15,80,70,11,61,27,42,45,44,-,95,19,4,15,52,48,13,70,48,27,15,88,68,75,23,61,53,83,75,40,73,61,25,97,84,76,60,48,88,38,20,36,34,19,30,8,58,57,14,50,46,39,36,53,42,73,33,43,42,92,89,31,64,75,16,77,92,14,81,42,74,68,24,17,23,46,44,73,81,73,24,97,64,45,42,45,13,49,64,40,29,18,83,8,93,64,64,14,58,2,7,63,79,43,82,24,61,54,82,3,87,22,5,37,84,74,88,40,67,46,7,51,98,1,32,73,22,12,50,99,56,47,85,67,7,37,34,38,12,83,30,74,14,28,54,48,46,17,100,42
61,90,85,87,77,66,26,95,21,87,-,66,46,76,87,68,98,94,28,26,44,30,68,37,49,70,8,94,98,11,54,53,34,11,44,97,16,88,29,35,65,54,5,64,64,37,10,10,54,83,24,89,65,46,28,49,3,82,83,61,75,63,90,90,51,80,26,60,87,10,13,79,90,60,39,18,15,38,71,50,30,41,72,6,4,93,84,10,70,35,20,70,51,49,72,16,52,94,30,1,82,55,71,57,9,3,98,70,96,16,59,69,74,89,75,97,94,1,100,91,89,70,59,30,37,93,8,73,79,81,100,97,24,50,30,10,86,5,55,74,50,10,50,26,1,18,43,33,84,33
64,76,67,51,51,51,88,43,55,16,82,-,84,100,18,30,89,77,78,29,100,22,30,39,88,63,28,12,50,36,52,21,31,61,79,88,48,62,52,47,9,38,96,18,18,13,64,40,21,65,72,24,70,54,37,18,44,80,96,51,9,64,45,60,43,44,66,20,59,74,55,57,45,58,39,88,33,90,60,3,29,66,10,52,77,6,90,78,18,52,90,3,83,55,97,39,1,73,80,7,99,83,46,20,11,1,97,7,20,36,53,45,4,100,32,73,100,59,57,74,31,30,86,94,57,95,91,94,9,64,78,56,35,47,84,19,82,57,84,99,83,89,100,21,37,58,44,65,19,23
85,24,40,64,39,30,42,41,15,62,84,85,-,38,63,27,66,87,25,95,96,39,69,24,58,1,73,24,67,46,66,70,32,82,89,85,27,98,86,68,57,35,39,12,50,80,36,9,54,64,12,22,87,29,87,47,96,23,35,31,74,89,11,53,29,25,35,84,6,39,95,22,68,53,2,15,52,18,5,14,95,38,13,60,93,33,94,26,72,74,61,47,94,19,78,86,93,61,75,43,63,69,97,67,70,69,30,31,52,5,96,7,87,31,17,1,61,19,63,79,93,88,85,12,58,88,72,26,97,33,95,37,55,77,43,23,97,64,21,46,28,36,42,17,48,32,72,96,88,98
28,8,21,71,38,23,18,16,44,34,54,83,58,-,47,92,18,70,14,53,38,69,23,12,90,32,21,25,5,12,47,4,76,16,27,84,21,49,18,94,70,98,50,11,15,77,68,29,49,30,17,30,72,9,62,39,36,57,65,56,84,83,90,22,44,54,1,76,85,55,78,93,100,13,21,71,70,65,46,65,42,25,81,89,75,65,58,58,21,77,88,19,60,9,97,78,55,10,97,68,63,43,81,6,13,26,60,47,95,22,68,96,88,36,11,83,33,50,14,24,59,60,38,79,26,9,28,39,39,25,36,80,65,1,58,32,69,92,91,50,79,58,25,13,2,54,66,92,67,38
22,19,78,80,41,76,5,76,51,56,98,55,83,83,-,68,60,68,84,60,24,80,53,39,23,46,65,11,14,9,37,6,22,30,73,4,72,71,68,44,87,66,24,21,17,64,43,63,42,65,23,79,97,24,83,63,18,47,44,41,99,68,84,25,77,74,51,91,87,53,91,45,73,2,68,17,80,68,42,87,73,13,11,75,83,1,18,6,15,13,24,34,9,83,53,60,49,80,82,41,71,21,75,12,2,74,39,1,17,10,38,25,72,32,87,97,90,94,61,35,2,78,42,87,59,77,36,64,63,36,99,97,49,97,38,9,97,95,49,33,79,61,84,52,50,38,11,55,5,83
88,70,85,59,54,5,88,92,45,56,20,78,21,1,5,-,84,36,92,88,61,29,46,78,23,90,49,16,37,67,67,4,30,49,99,5,13,81,64,28,89,5,30,9,57,59,67,63,45,78,32,33,32,99,33,78,58,42,38,47,35,83,28,45,40,63,32,95,56,66,20,60,47,27,95,35,28,13,62,62,15,29,10,68,14,11,32,43,62,57,89,29,36,52,72,48,5,14,77,88,88,11,92,65,100,78,96,29,55,40,81,29,46,9,28,32,82,92,38,28,100,97,60,61,16,27,12,34,84,23,17,18,57,30,48,2,79,1,87,56,75,77,97,66,70,38,49,8,64,8
75,49,46,66,58,15,81,81,68,74,62,26,76,56,92,16,-,32,40,87,30,77,47,55,97,23,15,70,82,39,50,73,48,41,93,17,11,16,27,77,97,86,37,43,63,55,75,98,6,48,82,68,49,3,20,90,52,97,12,55,66,55,18,13,39,46,71,50,71,38,34,72,39,10,100,33,83,33,49,1,74,62,85,77,52,50,93,32,10,75,25,34,99,94,50,44,9,52,74,74,88,65,97,9,95,17,47,36,95,58,43,50,91,21,97,82,100,99,28,79,43,51,76,26,56,100,51,65,6,22,10,43,29,31,48,46,9,89,80,85,48,62,56,25,44,80,26,98,81,64
82,69,15,51,16,83,34,11,35,75,76,40,46,77,28,13,53,-,24,17,77,28,64,31,83,67,23,30,53,96,3,12,17,16,47,74,74,98,23,16,35,25,8,1,59,96,79,42,53,76,89,45,24,90,83,81,55,57,16,25,25,62,76,84,89,89,50,54,88,49,24,83,32,26,10,51,76,91,56,83,61,17,90,52,61,87,36,21,77,45,31,71,47,42,42,57,1,99,25,9,86,5,36,32,52,83,89,61,71,89,92,59,68,86,35,20,88,89,52,59,58,66,100,33,89,43,100,93,74,77,100,27,71,18,73,65,27,99,55,15,13,82,80,63,38,16,65,97,56,37
77,29,51,13,12,46,24,46,10,10,53,43,97,26,50,62,20,95,-,17,95,42,57,99,80,63,39,40,73,70,43,29,59,12,49,94,26,81,9,50,56,26,9,97,97,32,73,14,9,34,66,87,87,14,6,50,14,7,74,20,66,18,50,23,34,38,10,38,45,68,66,67,27,45,34,80,21,49,10,90,12,97,48,50,3,48,33,19,1,30,57,53,46,10,30,95,52,56,54,66,52,87,73,64,47,52,93,76,45,89,11,76,38,35,62,99,54,92,29,66,27,33,99,4,23,66,51,57,59,54,18,46,18,31,57,28,69,22,80,93,53,28,60,41,92,22,26,62,33,53
62,71,45,95,39,18,89,29,91,40,5,85,45,17,73,5,88,41,96,-,42,97,87,75,59,41,69,66,10,65,79,28,58,1,53,81,98,6,29,3,23,8,18,45,14,21,84,46,100,27,99,7,6,83,27,95,89,2,28,83,21,42,18,81,24,25,71,21,59,94,30,73,18,58,84,70,66,53,1,80,32,96,83,49,59,82,13,16,100,27,8,3,76,2,74,78,57,30,82,64,92,26,42,29,39,82,80,47,67,27,40,46,33,56,23,61,54,80,59,85,99,27,81,39,97,27,27,80,95,40,91,70,30,6,96,88,16,87,23,5,27,9,19,89,53,97,87,3,33,30
84,73,98,70,45,73,10,72,23,37,33,54,63,3,9,97,23,53,32,88,-,48,47,33,43,68,4,14,10,1,4,100,69,31,26,7,44,100,99,34,13,61,6,12,43,46,33,56,74,14,59,96,35,84,74,88,48,51,26,80,89,76,68,11,87,78,91,12,87,5,6,29,64,37,67,99,36,38,37,98,56,77,78,11,24,52,31,79,89,33,60,54,78,37,65,40,100,58,24,10,60,50,53,60,83,96,92,61,74,30,19,42,68,4,92,22,86,23,58,35,59,48,44,62,82,44,70,14,49,7,2,5,5,55,96,69,11,88,37,60,84,72,46,50,7,83,11,55,72,51
59,4,20,83,33,63,99,54,74,22,93,47,84,45,83,78,81,64,65,69,13,-,4,51,68,80,42,12,3,58,22,25,57,56,88,13,92,65,51,7,37,97,41,95,11,89,17,29,18,97,32,75,88,88,1,7,9,25,40,73,95,1,14,62,87,88,45,96,38,91,8,60,53,33,19,11,34,54,55,12,44,54,27,68,67,32,64,16,24,20,81,100,9,55,79,17,98,39,51,31,65,73,12,90,31,22,90,70,79,87,40,65,80,96,30,43,55,94,2,20,54,5,88,95,88,58,9,60,71,88,71,60,3,87,98,35,31,27,47,31,27,72,73,99,8,40,88,30,55,96
46,70,93,66,78,23,57,25,5,96,98,18,47,93,93,43,39,62,10,18,91,78,-,43,94,47,97,96,22,91,11,85,58,34,29,88,82,62,37,86,5,80,40,66,85,79,7,45,9,22,5,30,5,15,82,80,23,68,71,99,86,58,92,54,94,88,88,23,92,98,53,91,35,86,57,59,69,60,41,92,12,98,66,60,65,65,46,41,64,59,25,54,96,18,75,63,40,62,22,36,70,83,93,3,49,15,74,85,22,50,3,56,70,25,26,76,97,27,60,27,32,74,8,8,90,34,79,87,40,17,66,84,46,59,34,44,85,80,24,42,55,73,40,53,83,45,16,78,16,83
64,12,72,88,8,95,50,65,61,12,35,80,85,73,11,43,23,67,57,64,41,96,30,-,60,89,96,76,47,93,22,95,35,45,20,9,57,42,97,82,89,45,57,91,66,50,29,50,85,4,24,22,30,46,17,90,62,97,44,26,99,43,18,64,55,10,80,54,76,17,92,34,26,13,41,96,83,60,13,66,10,39,78,83,71,72,52,56,49,55,14,5,58,16,41,84,15,90,63,75,31,33,78,56,34,10,95,85,1,25,16,71,39,33,95,12,37,77,90,6,85,99,29,97,42,4,59,16,68,85,83,22,10,37,49,68,57,36,56,1,84,8,74,50,53,24,77,21,83,100
67,38,87,32,5,77,49,47,37,2,32,29,36,36,40,2,48,8,73,94,3,19,94,94,-,48,44,54,18,33,32,54,92,47,3,22,72,36,22,23,89,80,76,88,35,62,42,17,96,64,22,31,24,40,31,70,47,99,50,62,33,94,57,70,96,87,47,18,24,92,36,94,23,70,69,76,15,9,4,61,33,91,42,54,59,67,96,81,15,52,79,96,77,51,74,97,15,89,18,44,100,20,60,45,91,81,42,40,71,67,61,67,67,59,42,58,98,79,99,10,44,32,73,48,12,100,82,64,88,86,96,46,89,16,46,3,60,5,95,100,69,54,64,47,54,90,11,40,36,85
93,31,86,24,78,41,2,42,82,16,20,47,16,68,85,55,45,32,73,79,35,27,46,48,1,-,90,50,33,26,6,20,31,43,35,26,2,85,21,39,88,55,66,29,23,86,75,91,84,6,78,26,90,51,18,22,88,48,7,47,63,9,77,85,92,56,92,28,92,4,89,95,9,62,46,41,35,61,64,82,40,89,67,100,86,35,92,30,45,65,18,44,40,32,58,72,5,54,43,72,43,38,70,64,68,39,97,10,64,19,2,93,79,42,26,34,7,92,32,18,53,39,25,65,96,24,37,56,69,39,34,9,69,59,74,76,65,64,24,98,54,15,60,75,12,27,92,86,46,44
76,56,35,5,40,17,6,90,9,96,51,66,98,5,52,21,7,35,62,21,99,68,100,80,68,91,-,79,71,23,88,78,34,15,49,47,75,35,3,88,100,55,49,98,93,66,48,38,63,6,35,39,34,7,56,21,88,10,71,74,61,20,45,63,61,9,46,79,37,3,5,73,67,51,54,80,37,16,42,31,33,56,71,4,13,65,99,36,73,45,100,93,74,1,27,44,54,3,45,26,16,60,12,99,25,98,98,38,31,8,47,71,96,19,88,47,90,19,83,1,70,42,96,77,94,76,14,92,77,25,75,36,10,22,82,35,39,47,38,16,55,12,17,69,40,6,64,48,96,91
17,28,29,100,70,32,72,90,87,73,28,71,12,94,55,49,64,53,37,76,23,60,51,97,42,11,96,-,94,84,20,51,6,36,26,92,74,48,22,67,34,12,75,29,60,31,60,68,35,45,92,19,17,46,62,1,32,55,16,93,21,65,39,16,31,24,40,62,77,33,21,60,3,41,55,97,6,31,91,57,51,69,38,35,29,91,22,36,35,29,70,82,4,48,38,60,3,80,29,15,31,16,73,83,10,11,23,70,42,56,64,36,85,39,25,46,36,99,43,40,26,79,87,46,91,73,99,74,33,29,30,45,21,36,83,44,2,14,19,94,22,43,85,28,64,58,58,42,77,68
82,63,3,59,56,23,63,18,87,15,14,56,81,2,93,48,24,60,35,55,69,69,61,11,77,36,32,95,-,61,77,17,49,49,52,58,51,33,20,23,96,78,11,44,69,5,94,18,71,70,58,90,2,84,18,63,59,34,15,70,100,88,10,69,76,86,74,71,13,46,10,8,7,24,60,31,31,36,58,4,33,66,55,40,57,87,13,68,90,47,99,13,59,12,37,94,24,5,75,49,48,29,10,82,69,91,94,96,85,47,66,84,15,94,52,20,18,88,77,82,94,66,36,8,48,42,35,20,79,32,6,73,30,41,48,39,66,59,18,13,13,34,3,16,60,96,97,83,14,87
73,72,31,24,16,87,95,34,95,93,15,19,91,29,6,54,25,42,93,34,21,61,72,63,98,33,67,72,59,-,65,50,96,6,1,17,28,8,31,24,88,37,96,5,83,4,17,50,100,68,67,58,3,9,3,37,69,40,43,1,47,28,70,4,81,55,75,41,83,15,91,30,22,21,59,82,36,60,7,16,100,79,30,90,23,45,46,6,56,1,24,47,38,72,13,11,99,24,55,88,59,27,55,30,58,88,54,13,37,34,84,5,10,1,35,73,71,20,35,32,49,16,1,97,84,43,89,49,97,72,53,28,13,45,40,8,14,30,24,49,49,65,65,85,44,24,7,17,89,58
1,32,75,31,3,44,17,28,96,50,92,76,84,66,51,84,44,19,90,76,94,80,8,44,82,63,97,51,27,84,-,38,7,21,67,54,99,26,56,54,40,98,50,59,79,67,31,11,35,77,35,35,14,72,13,29,34,68,69,12,41,29,89,49,24,13,56,71,51,90,47,34,91,53,4,70,82,24,93,10,2,21,97,8,75,14,25,72,39,65,35,65,69,30,95,51,49,7,89,76,8,10,45,44,27,74,85,72,54,84,88,9,28,41,67,49,63,25,9,71,22,90,1,67,47,17,69,57,89,13,59,20,84,21,10,56,88,9,44,18,42,11,92,41,28,43,58,48,70,46
13,71,44,86,8,72,66,37,2,71,97,78,43,28,44,27,2,79,58,73,24,60,29,62,66,37,6,20,10,65,51,-,15,82,16,14,45,25,43,74,5,14,19,39,76,8,78,52,15,29,22,84,56,91,56,37,45,4,32,35,87,9,17,28,58,84,40,1,20,26,59,17,32,26,83,73,39,80,10,44,97,25,86,67,15,14,19,68,91,89,25,55,82,72,34,55,77,51,15,70,19,35,56,7,7,12,96,57,11,53,5,96,69,32,39,4,78,96,58,50,86,80,35,44,55,24,92,20,48,53,62,33,11,91,98,70,44,15,12,57,77,10,3,20,89,85,38,59,23,49
68,91,79,36,39,43,50,11,37,68,3,59,88,32,7,74,37,62,82,15,34,100,36,49,56,76,73,27,65,75,8,3,-,2,41,78,95,38,44,39,30,97,34,21,90,39,45,52,32,19,61,26,46,65,20,70,27,80,70,39,15,26,37,3,33,3,49,15,94,58,30,72,36,51,94,31,22,40,2,6,61,59,63,52,40,72,35,46,23,37,70,66,11,96,3,15,45,39,99,64,32,20,84,75,3,42,69,32,95,28,8,61,78,87,86,81,100,91,20,84,46,40,9,3,78,64,99,4,59,8,92,59,70,62,58,73,88,47,32,49,5,90,91,25,83,99,94,1,21,4
59,6,97,22,54,62,48,11,13,64,22,62,40,64,29,14,51,7,16,100,9,29,70,75,46,48,98,78,79,6,29,7,63,-,27,28,90,45,44,90,9,94,73,56,27,94,89,79,29,5,6,78,19,74,2,36,8,80,76,2,15,87,4,47,1,96,23,56,40,1,22,9,88,77,25,37,49,45,18,65,44,55,9,49,48,89,40,99,97,1,23,95,26,44,58,46,35,66,57,88,65,23,93,55,52,56,37,89,85,14,43,55,79,76,42,21,76,98,91,84,94,82,55,73,73,1,53,69,57,75,54,88,95,82,3,19,88,86,76,80,28,2,96,60,67,34,40,25,63,77
80,12,75,60,100,27,48,7,30,3,23,11,36,27,68,80,15,23,86,21,79,36,76,19,96,97,83,65,77,17,15,4,94,22,-,31,58,42,71,10,72,60,59,32,38,65,66,69,80,44,36,24,2,8,56,76,68,35,62,86,80,37,92,65,1,73,72,22,53,70,59,84,72,92,50,3,12,47,17,53,48,98,22,49,83,48,34,87,28,25,84,52,17,24,38,86,42,92,36,92,81,4,20,13,29,12,10,20,71,47,87,100,98,33,88,90,16,77,23,62,67,89,2,36,98,3,37,3,10,15,20,82,40,76,92,9,81,67,49,92,8,57,22,45,78,66,86,27,68,7
23,85,20,66,92,69,97,26,100,35,30,68,88,56,1,14,36,34,53,48,83,16,67,13,84,8,62,10,86,70,78,45,10,38,98,-,40,9,93,36,71,83,3,63,36,6,21,88,10,40,10,81,24,29,57,9,44,20,91,28,41,80,52,48,84,58,82,87,7,51,30,52,29,30,17,28,52,58,28,100,53,65,44,24,42,51,46,20,76,30,79,100,90,41,74,5,81,65,25,86,56,36,55,15,88,22,73,82,47,15,98,42,6,52,9,4,31,37,50,38,76,88,78,74,91,8,65,90,65,76,75,75,3,6,26,51,46,26,27,19,12,74,50,21,88,100,74,99,63,51
100,72,58,61,15,55,54,40,67,87,52,3,72,68,13,2,19,81,2,58,52,34,87,76,84,72,40,40,22,85,99,11,9,59,80,90,-,77,3,39,65,94,59,6,3,80,12,49,77,29,57,100,38,25,14,82,64,83,77,87,85,33,38,76,20,43,7,20,57,82,1,43,57,66,24,87,39,96,18,94,48,70,58,37,33,19,35,68,22,71,42,100,15,41,34,55,93,23,34,20,95,35,12,43,89,79,90,86,29,48,10,90,6,65,23,40,46,17,93,48,52,62,45,100,90,99,30,58,8,23,78,91,40,37,66,43,31,34,39,100,34,66,35,31,93,18,67,56,72,100
44,5,17,98,73,41,11,61,69,63,67,79,73,28,32,57,52,51,28,15,83,86,50,23,10,93,59,26,78,12,24,35,92,40,29,31,87,-,5,83,53,69,14,70,14,4,16,26,13,57,12,78,75,86,65,57,9,55,62,43,39,79,99,2,10,26,11,58,59,29,47,51,56,33,18,59,45,63,32,14,52,7,96,89,10,91,64,93,25,66,96,50,5,37,62,50,4,34,88,73,75,51,5,6,71,77,10,62,24,35,56,55,43,79,33,54,13,90,61,7,71,7,24,31,47,23,72,23,13,93,55,7,89,10,80,62,53,48,68,86,61,60,56,86,88,46,79,27,22,63
38,53,27,1,55,49,87,30,36,83,70,55,88,67,25,67,38,71,11,84,6,78,68,32,17,58,99,12,17,89,62,29,2,86,89,20,70,36,-,35,49,5,15,44,63,25,26,90,4,73,22,67,5,41,83,51,90,92,49,3,97,74,76,40,85,25,50,43,64,60,68,75,27,6,15,4,67,32,28,91,20,85,19,50,56,63,19,94,14,77,14,95,35,92,45,24,46,71,34,93,46,83,85,11,37,21,53,27,57,46,14,65,43,5,80,58,36,54,83,15,33,74,1,52,59,4,9,28,50,96,86,2,46,55,83,2,36,35,54,91,72,66,35,72,22,63,23,29,44,14
57,6,34,69,21,36,41,39,41,30,48,44,71,50,18,97,55,89,92,20,71,65,84,36,76,8,26,46,82,45,13,18,88,29,68,38,93,63,80,-,38,6,75,30,17,55,93,90,93,41,90,9,33,94,49,81,26,40,91,5,99,6,44,87,47,88,6,63,73,95,13,84,100,42,48,49,42,80,23,73,16,82,53,48,9,4,40,8,50,94,91,16,20,60,94,88,61,66,8,67,62,77,68,42,87,19,44,93,67,67,98,33,20,97,42,18,90,4,93,63,88,24,40,62,20,38,32,73,63,39,47,33,39,37,83,54,17,90,51,57,5,83,50,91,79,45,7,42,65,63
99,77,55,21,27,48,40,63,31,32,39,20,72,4,42,19,75,34,3,42,13,40,7,19,66,27,73,80,30,53,98,7,73,21,85,43,3,6,68,15,-,11,32,75,9,28,49,38,62,61,22,77,16,90,17,97,50,60,70,47,66,93,22,93,56,3,10,32,53,57,64,87,5,42,55,77,52,13,63,10,57,50,26,98,86,33,82,6,42,45,13,30,73,95,16,62,45,80,89,41,41,7,84,99,18,91,45,6,90,53,72,30,74,3,4,60,10,37,97,11,28,11,97,66,93,73,33,2,43,93,45,83,45,23,43,53,7,51,91,66,64,66,54,82,33,92,39,97,95,80
3,66,79,27,37,67,80,54,41,19,83,58,62,13,85,1,38,36,83,14,64,96,55,57,83,68,35,22,94,6,33,24,92,48,95,74,20,38,89,90,17,-,16,65,50,93,82,28,47,94,69,23,9,97,77,26,92,87,19,19,21,80,69,57,7,61,23,100,67,26,15,36,9,19,2,92,25,11,89,73,71,5,64,80,71,41,25,75,35,55,68,7,42,45,2,31,27,51,14,83,29,59,20,71,38,55,79,33,2,77,54,85,31,45,45,82,89,43,84,70,88,50,99,12,88,46,44,51,64,66,57,24,55,13,69,32,90,53,44,17,94,38,69,65,86,79,100,57,89,83
63,33,31,67,6,31,35,88,89,41,79,89,64,31,74,98,71,77,56,62,13,47,98,14,25,71,42,73,81,66,37,59,45,2,80,52,85,23,7,11,65,18,-,59,75,3,74,5,93,75,46,86,92,75,60,85,76,55,66,47,92,6,25,98,71,44,72,30,27,80,48,3,57,99,36,55,14,23,6,7,77,1,15,49,94,59,94,53,31,56,100,92,50,57,84,99,76,76,37,87,40,26,92,82,3,90,68,93,80,92,15,15,31,83,2,38,62,38,71,64,12,27,84,49,87,23,11,39,51,45,59,31,12,68,89,59,76,100,76,48,12,33,23,74,55,9,45,98,54,62
10,21,66,14,47,49,95,42,5,80,74,81,92,86,12,54,61,44,56,2,31,85,34,83,45,76,59,36,5,14,78,64,43,72,34,78,20,72,67,22,55,17,51,-,31,3,98,1,70,3,26,82,94,58,93,85,4,66,49,64,67,22,12,13,43,58,44,35,13,84,49,42,80,18,2,90,87,58,33,83,81,28,25,90,61,71,4,49,82,20,96,52,75,55,12,64,40,41,71,67,37,27,99,44,22,21,96,95,53,23,81,53,53,57,57,98,89,34,42,84,39,29,100,11,84,8,82,19,31,32,50,76,64,75,25,100,76,53,98,42,5,49,74,96,16,17,85,86,84,81
70,74,97,91,3,20,51,1,73,97,87,94,43,94,99,78,48,67,37,76,73,60,60,8,100,20,9,38,90,66,26,16,63,64,27,49,99,3,96,35,19,32,84,37,-,70,85,28,27,82,83,64,48,50,4,19,55,4,81,97,74,74,76,10,43,86,7,49,52,28,1,58,12,14,24,92,21,90,55,43,58,79,86,21,75,57,29,10,55,11,62,37,66,86,38,18,88,54,60,27,53,24,32,24,10,1,41,77,94,22,53,50,21,48,99,84,45,29,58,69,37,45,55,68,10,92,33,89,83,11,97,84,49,14,32,62,82,48,88,41,8,84,24,39,74,87,1,86,56,97
35,88,11,45,3,7,63,18,46,70,67,77,53,38,4,66,62,74,17,14,19,22,63,55,92,47,73,1,70,99,36,11,29,98,48,70,97,25,24,32,51,13,22,48,26,-,67,39,16,84,85,38,63,3,28,79,18,2,94,90,28,93,66,95,99,86,33,39,86,57,95,26,82,85,96,38,93,76,86,65,77,4,92,70,71,29,34,100,88,74,2,56,100,16,69,26,91,5,81,9,31,76,6,88,38,62,100,46,76,53,34,10,31,25,90,89,95,93,72,46,30,77,57,71,55,4,2,64,12,5,5,58,52,10,3,86,83,75,55,15,52,41,35,75,15,48,20,93,55,63
54,25,92,58,89,65,54,5,90,80,60,26,81,31,73,6,58,49,83,3,31,57,9,86,62,99,78,67,52,69,84,83,86,47,67,95,21,55,45,76,43,72,62,50,24,40,-,81,54,18,51,14,75,26,17,87,22,33,75,70,44,27,57,33,40,1,100,61,69,44,56,73,40,33,47,52,5,26,32,37,84,52,52,25,96,12,36,21,29,7,42,77,98,5,56,90,22,88,13,25,64,20,74,31,98,2,59,89,87,40,21,5,34,1,57,62,84,74,85,9,33,11,53,43,90,30,83,15,69,98,85,41,100,60,16,38,65,50,15,5,62,74,74,2,20,63,28,22,81,50
97,95,72,85,21,55,80,18,30,77,14,21,31,16,47,85,96,13,53,96,98,81,73,78,25,16,57,45,71,89,45,55,48,70,32,79,86,40,58,63,42,13,54,44,28,43,9,-,89,17,24,21,80,46,93,40,56,83,25,61,12,97,84,36,20,45,43,92,44,21,97,20,32,65,17,42,94,67,99,96,54,20,27,79,84,9,72,15,37,31,73,84,94,56,49,23,65,63,97,73,78,25,91,27,73,80,96,97,95,85,64,17,87,45,46,96,15,28,97,33,17,19,16,7,47,18,62,9,92,95,19,33,98,22,34,26,51,84,8,24,78,24,84,21,99,21,13,85,57,50
96,76,59,80,37,18,34,10,97,47,91,13,8,43,100,65,41,42,77,62,18,24,98,48,58,40,12,73,84,30,77,87,100,14,72,42,46,38,95,12,45,100,2,23,21,71,40,15,-,64,74,38,51,70,63,61,23,1,61,85,89,49,81,56,40,55,77,16,80,3,27,100,36,85,34,53,33,58,22,6,77,90,91,80,60,71,4,42,18,25,80,38,56,94,41,71,94,43,98,58,69,55,5,75,97,10,64,46,100,16,82,40,5,66,77,38,93,42,27,17,94,32,11,64,9,61,33,20,96,4,64,92,75,79,72,70,78,68,70,23,43,91,52,72,93,34,29,42,20,44
28,60,91,100,27,11,82,90,48,8,25,84,23,13,89,24,58,90,67,73,15,33,65,12,67,24,30,76,83,99,82,79,31,11,49,84,44,10,81,24,54,58,17,47,98,18,94,37,19,-,22,33,83,33,53,69,56,48,16,18,65,85,49,28,25,18,5,93,24,95,1,87,54,10,62,24,82,76,90,39,3,47,16,63,43,27,95,32,67,61,73,95,23,1,51,73,32,19,89,81,26,51,84,16,82,45,40,71,45,78,63,96,91,96,48,2,8,27,63,100,98,62,83,23,19,82,85,39,60,50,98,7,79,76,92,87,57,64,62,45,20,62,10,42,86,75,12,14,36,89
92,42,75,36,26,87,92,45,2,54,31,78,26,97,75,95,13,12,61,89,64,82,42,63,90,70,20,12,91,43,98,86,13,7,86,33,26,35,62,13,4,69,42,87,67,16,30,85,90,62,-,64,57,8,10,54,33,56,67,77,67,52,47,37,53,84,20,80,96,98,20,84,20,61,44,37,36,27,19,67,91,30,80,79,19,100,84,68,11,58,57,86,85,29,25,56,41,32,97,78,32,24,99,68,13,93,25,40,12,71,44,32,84,56,28,34,46,14,50,60,63,88,36,32,17,3,61,16,60,72,90,71,35,11,5,29,97,18,32,89,29,32,37,21,97,60,48,45,88,29
71,3,24,92,97,73,46,45,46,82,47,64,89,93,83,1,84,62,47,93,44,49,61,83,8,68,2,96,35,39,44,90,100,36,61,64,15,24,90,46,26,65,40,95,89,27,80,95,29,65,20,-,95,25,58,6,13,15,1,7,78,57,36,34,90,70,1,85,48,8,70,47,41,58,34,68,90,1,68,95,83,9,1,62,3,79,23,52,27,59,41,14,38,56,93,56,32,83,61,62,35,13,71,58,29,76,75,47,32,71,49,78,41,93,63,82,95,81,91,82,51,21,95,7,43,95,26,30,68,11,50,26,56,88,70,3,14,17,93,28,14,25,90,68,83,7,15,70,51,59
11,81,72,77,91,58,64,16,81,27,26,44,34,68,36,65,41,35,37,77,35,26,2,4,88,34,55,90,66,94,62,23,39,17,83,99,17,40,75,92,1,24,88,77,16,91,86,82,8,97,45,90,-,55,65,96,87,67,27,76,61,27,19,90,37,72,84,32,44,92,100,33,49,18,67,57,21,35,44,33,87,99,40,59,46,30,65,16,36,85,77,61,32,44,74,37,11,64,25,6,10,16,62,76,30,10,54,58,44,37,81,1,28,14,56,58,22,28,86,14,12,92,2,45,58,82,88,9,55,44,78,96,21,79,35,68,65,63,87,85,99,52,11,57,19,25,72,81,35,89
64,74,54,64,61,8,80,70,53,96,82,68,61,88,15,61,74,9,81,94,65,92,48,44,50,5,88,13,49,36,31,74,81,45,24,14,8,94,89,9,79,67,6,39,45,38,74,78,16,25,1,67,26,-,75,26,26,63,52,50,33,67,22,61,28,69,16,14,8,31,73,44,61,89,23,66,48,86,58,28,91,61,12,41,89,25,17,36,81,64,52,52,40,94,17,40,8,53,99,28,52,86,72,92,53,65,88,66,68,58,21,52,59,26,63,72,68,53,52,67,78,58,70,40,51,73,27,28,25,92,60,41,58,87,76,22,42,7,38,69,81,46,28,57,87,37,37,86,98,83
49,85,85,30,3,23,65,26,91,57,56,49,24,88,3,82,3,37,11,83,48,40,55,70,64,54,9,84,29,66,15,21,20,10,82,71,72,70,82,27,45,11,69,88,76,82,76,28,21,100,55,25,33,49,-,54,77,1,50,22,26,41,26,76,1,43,46,44,38,32,60,35,67,60,81,41,62,43,96,38,10,40,33,24,2,88,12,10,80,7,62,66,100,70,46,71,85,32,90,22,77,43,75,90,83,55,23,59,22,30,67,80,94,91,24,63,97,20,11,93,5,57,12,67,18,62,51,97,6,42,37,52,18,91,83,25,53,51,64,86,45,4,9,1,13,6,51,10,62,98
73,54,16,15,47,38,36,50,97,12,27,35,54,40,30,19,29,89,88,71,62,5,81,22,93,73,80,25,48,30,16,23,40,56,42,40,72,72,47,85,15,96,54,60,20,41,21,79,24,12,97,2,20,72,92,-,59,28,24,20,46,96,70,15,54,21,11,3,4,63,6,32,86,98,78,28,39,80,25,99,93,98,50,29,86,97,99,48,69,6,76,15,19,35,46,81,77,32,60,9,30,76,66,39,86,68,83,99,67,46,32,39,41,75,32,59,76,64,80,73,95,92,17,78,16,32,99,34,44,93,82,47,1,85,23,96,83,78,42,48,97,91,69,66,98,66,47,65,50,5
44,57,9,97,37,70,88,93,82,70,13,83,58,87,54,76,96,36,84,76,52,30,49,8,95,45,65,85,66,70,28,20,18,95,22,91,54,69,64,57,92,82,24,90,22,59,55,93,41,21,91,79,67,77,95,100,-,26,87,49,20,79,48,59,80,62,52,76,80,64,12,6,91,99,58,35,1,99,69,57,93,8,91,84,36,40,91,29,35,90,54,17,73,92,99,57,48,57,11,56,44,31,81,70,16,83,98,99,71,51,28,91,26,51,50,41,93,52,38,30,10,54,61,37,35,67,97,4,25,17,12,61,95,96,1,43,12,48,7,17,10,7,95,18,99,55,18,60,52,61
50,48,73,91,93,95,41,91,1,18,19,75,71,41,77,62,77,20,6,20,53,92,32,93,58,98,68,21,57,43,45,53,21,90,45,17,89,56,27,93,40,67,7,69,8,88,11,58,45,73,39,27,80,87,56,39,53,-,65,28,86,72,60,87,10,33,77,28,24,99,33,60,77,31,34,53,32,24,83,8,39,33,64,92,8,90,97,1,46,77,31,66,60,35,50,83,44,76,82,50,60,81,69,21,46,61,29,64,90,43,83,49,29,90,91,71,13,32,10,2,88,96,78,46,10,34,86,82,66,85,41,56,43,45,97,76,58,83,32,95,74,20,16,19,34,14,86,68,75,73
1,42,95,46,33,99,58,70,74,74,94,96,86,66,70,33,84,11,52,81,33,39,9,53,100,76,49,97,54,68,24,51,13,2,35,42,14,64,83,87,90,7,54,73,95,66,85,98,96,11,50,42,4,4,33,71,84,26,-,37,60,5,19,8,35,5,55,100,11,56,36,90,87,23,71,74,36,65,69,11,56,56,78,56,68,40,7,52,26,40,71,55,76,27,98,34,8,39,58,55,68,64,26,84,59,22,64,16,73,72,94,33,24,77,7,47,16,96,62,65,37,30,53,64,69,16,97,16,8,12,77,100,67,9,36,59,6,32,95,36,91,74,22,90,49,40,48,35,17,47
73,94,99,54,65,35,12,52,30,9,61,27,24,96,79,21,23,20,70,47,11,60,38,45,64,70,42,73,56,7,68,95,76,31,6,92,44,94,89,99,2,3,51,65,87,45,79,54,13,99,49,4,23,57,86,64,87,41,57,-,60,7,56,98,80,51,38,37,24,9,78,92,8,42,59,82,48,12,11,98,15,42,32,47,62,81,44,46,8,7,31,93,65,91,89,66,80,10,12,3,54,56,40,20,53,38,29,70,14,47,96,98,74,12,79,28,71,56,32,80,43,64,24,87,14,34,70,77,58,75,18,66,10,95,96,60,16,83,31,83,97,56,82,16,68,30,21,37,29,37
61,38,67,6,69,28,86,99,59,14,44,26,56,10,98,26,76,56,11,50,15,94,51,8,36,77,46,73,10,25,82,16,51,98,31,12,56,22,26,20,95,88,87,6,37,58,89,65,42,35,56,56,45,69,5,3,79,53,100,46,-,13,16,30,89,27,82,16,3,77,54,78,51,88,96,35,68,7,89,33,34,18,70,23,18,12,16,80,45,28,58,41,20,87,73,6,1,57,52,78,12,85,21,29,45,30,89,53,29,62,20,72,59,72,99,17,76,2,76,47,69,28,43,73,49,43,95,26,18,82,79,56,88,44,89,28,42,13,70,68,47,15,9,28,15,41,66,27,81,68
59,40,39,15,68,77,75,15,100,35,65,74,47,51,93,17,27,72,46,45,21,58,26,33,62,77,48,54,2,12,14,66,66,1,48,52,84,29,51,83,72,23,83,30,73,98,68,34,48,3,14,75,84,93,96,83,7,79,39,60,50,-,32,88,78,22,62,40,54,54,78,80,33,87,58,90,78,19,35,70,33,13,59,78,42,30,82,21,33,32,48,43,48,24,17,77,25,41,49,19,96,13,54,52,91,56,96,73,6,15,88,100,39,6,20,15,27,89,44,56,42,53,7,10,76,10,40,31,4,65,46,95,28,50,27,12,17,3,7,32,54,48,59,86,2,56,85,97,25,89
8,20,73,65,98,26,86,24,39,2,22,25,64,33,7,21,39,63,7,65,81,15,83,5,35,48,93,50,47,71,80,80,90,64,44,83,81,57,21,90,83,1,97,59,56,25,78,32,62,93,42,97,50,56,31,45,31,87,63,24,7,17,-,32,10,51,61,64,74,79,84,24,84,57,15,61,30,61,86,90,47,26,22,47,53,76,48,33,79,11,11,67,13,98,71,17,70,75,55,34,21,12,2,87,44,24,48,40,16,95,64,51,97,23,37,35,21,49,72,27,6,42,21,96,71,16,24,37,3,14,89,83,32,6,45,69,97,17,88,78,22,4,59,21,3,77,31,69,55,95
30,89,17,33,66,83,87,42,11,14,56,48,79,32,10,65,3,1,72,4,45,98,97,25,44,44,82,61,62,12,93,64,43,59,8,93,91,40,59,95,16,20,72,89,39,72,53,98,34,45,96,6,33,30,63,30,36,4,2,56,32,30,53,-,48,39,41,62,62,89,92,74,39,70,67,26,4,65,25,97,53,58,28,59,61,50,21,41,45,86,9,3,52,100,96,62,12,84,94,52,73,63,67,56,78,54,46,51,38,12,4,88,96,99,10,29,46,8,74,94,86,3,22,70,96,46,6,91,10,96,55,74,38,51,90,96,53,5,54,64,78,64,1,52,64,4,91,24,6,88
27,70,99,57,68,15,89,11,94,46,23,63,59,32,25,75,100,99,2,47,5,57,22,37,40,90,65,27,26,46,16,59,32,75,32,93,15,48,89,53,43,54,31,64,63,28,24,39,61,90,53,18,22,67,74,35,25,1,71,79,7,30,6,13,-,70,74,92,10,35,55,98,69,8,43,11,32,19,6,12,20,86,13,75,53,95,15,85,43,61,1,85,40,29,82,54,85,83,42,18,50,87,65,83,29,2,63,63,82,47,40,21,49,32,75,60,46,87,73,28,31,100,63,83,36,84,99,19,69,83,76,36,75,48,73,22,74,67,83,9,50,36,9,99,90,2,60,90,88,8
15,100,58,57,78,24,6,4,100,83,23,26,47,60,29,47,68,15,34,13,78,11,1,81,22,79,66,22,69,62,22,56,57,24,62,23,58,41,81,42,95,15,44,17,70,17,69,67,79,15,98,65,95,93,17,75,47,27,22,88,60,46,32,43,30,-,79,33,48,53,60,41,39,20,36,85,33,24,75,28,9,27,34,54,79,59,13,62,44,46,74,45,55,30,7,11,40,49,5,92,8,49,86,75,29,54,52,37,50,13,11,43,80,50,2,96,15,36,54,75,56,72,15,36,15,91,42,99,17,64,27,62,8,58,84,50,88,68,37,53,7,45,47,46,70,70,38,86,71,80
38,69,39,84,36,11,85,62,92,45,51,45,2,75,79,86,30,92,75,16,92,2,82,88,82,84,58,70,35,33,46,50,68,68,90,94,32,72,6,92,81,80,78,92,37,88,38,79,57,55,65,99,100,67,24,14,40,32,100,17,36,13,65,6,57,17,-,48,62,31,88,25,60,51,81,93,48,36,6,48,57,67,4,90,38,32,80,76,54,94,49,36,62,72,49,25,69,30,2,92,5,47,80,50,97,87,2,14,96,77,22,99,3,27,58,62,81,86,38,82,100,36,59,88,72,53,72,83,71,46,68,40,100,5,10,84,16,78,21,24,13,66,21,7,29,88,36,61,16,83
8,6,89,27,85,52,55,46,43,19,60,37,49,21,38,84,29,28,71,71,46,81,18,82,84,64,63,94,65,51,89,97,80,4,23,33,64,61,49,16,69,13,45,32,86,44,64,17,91,19,12,65,7,21,41,88,56,81,54,16,47,30,29,67,15,35,64,-,5,13,12,66,81,53,5,61,85,57,4,24,36,93,94,44,52,56,61,82,94,89,100,89,77,57,81,3,15,32,90,91,51,90,98,47,84,21,65,41,35,87,53,55,69,38,34,11,82,47,62,38,32,41,37,46,54,21,79,30,19,71,26,33,71,37,92,21,69,15,62,35,75,84,17,91,5,68,21,24,46,67
88,31,30,87,57,86,56,26,27,98,87,54,9,41,64,88,25,35,64,1,19,86,6,92,63,14,29,24,7,54,95,61,76,64,86,20,90,59,22,12,78,99,61,20,41,93,80,23,97,96,40,76,44,62,18,58,56,70,17,50,18,74,86,89,21,45,53,65,-,77,55,22,59,75,4,39,25,98,53,88,78,92,86,91,87,59,35,6,50,18,79,2,36,91,85,27,79,21,25,100,20,51,40,21,23,28,64,22,32,45,54,10,17,97,40,94,72,97,59,66,97,66,52,43,52,40,88,72,91,79,29,80,29,90,17,49,59,57,96,40,15,11,74,2,57,15,84,64,33,86
57,47,50,98,63,40,80,36,43,66,63,43,85,42,12,43,1,69,93,77,99,28,81,96,10,19,11,3,46,50,97,18,86,58,19,98,86,52,23,93,80,4,1,6,41,36,48,8,24,20,21,58,80,36,95,50,14,8,56,52,76,8,69,74,34,71,69,38,52,-,42,90,12,84,70,93,91,38,65,1,73,41,15,17,54,94,41,96,10,41,23,77,90,43,75,30,94,61,74,83,65,91,72,37,35,47,85,91,61,80,97,33,14,82,77,41,42,89,15,17,42,8,61,94,95,84,39,95,50,94,98,23,63,40,20,36,2,43,94,39,29,85,84,59,28,84,49,5,86,73
49,83,58,8,2,31,36,99,70,59,50,1,90,90,22,61,87,14,83,75,92,12,54,89,76,6,61,22,1,42,3,70,16,74,89,43,24,74,32,6,48,77,73,10,44,45,43,10,7,47,12,80,29,27,16,69,86,1,84,76,3,99,18,49,86,9,58,88,54,4,-,11,25,4,37,49,44,51,90,16,9,90,73,74,39,36,91,41,3,9,16,86,39,24,31,15,28,100,72,38,36,100,64,78,42,61,27,21,12,28,15,64,79,41,59,23,63,25,99,21,39,63,2,74,81,77,12,69,86,38,69,62,54,60,8,35,79,80,11,82,28,49,97,23,43,98,68,21,34,71
76,86,20,50,89,51,96,18,54,11,78,89,91,27,90,92,52,70,94,19,34,99,48,71,48,9,27,40,43,34,44,26,79,88,100,93,40,89,25,92,12,67,71,85,4,30,93,87,72,81,11,93,81,93,75,76,95,62,58,81,68,40,41,25,9,34,54,90,85,31,21,-,50,52,3,97,83,29,20,47,87,18,56,63,9,54,22,17,97,73,38,5,74,68,59,9,38,74,11,2,2,15,23,38,72,68,99,48,81,53,93,17,79,98,31,94,78,95,18,70,31,84,78,69,63,98,9,64,20,98,95,7,3,98,66,73,95,33,89,20,61,99,70,22,12,93,68,38,26,85
65,96,21,49,83,47,61,7,21,60,6,72,56,35,14,100,74,50,95,1,58,84,53,30,18,100,44,11,32,61,7,52,7,59,98,42,59,95,1,86,96,1,78,83,61,47,48,97,29,41,35,86,69,45,28,25,68,80,59,71,86,2,5,77,68,91,6,92,5,25,98,95,-,66,13,46,83,51,54,25,58,16,44,22,34,47,86,42,71,46,84,55,56,7,16,51,28,13,53,33,73,5,48,99,48,69,96,92,53,98,87,24,56,100,90,98,98,76,74,28,65,82,66,57,94,96,86,33,78,51,67,30,62,14,34,23,10,59,15,98,57,20,64,1,65,94,15,51,66,50
99,62,75,66,44,80,90,40,66,80,32,73,22,30,17,25,75,29,28,7,31,75,16,91,18,30,61,52,49,33,14,61,73,55,81,80,62,51,65,32,44,51,82,100,29,35,34,98,27,39,68,83,29,5,33,27,92,51,97,64,60,99,32,50,78,58,18,28,55,28,16,67,5,-,45,13,47,85,57,42,41,60,90,25,75,35,47,95,26,66,83,48,40,49,85,49,93,23,47,16,28,14,73,11,69,21,12,14,30,89,97,43,91,100,39,19,40,19,35,42,18,94,71,8,40,61,38,28,85,7,22,45,33,74,98,66,19,3,100,46,22,55,77,33,65,59,62,87,38,99
94,7,94,2,10,85,70,74,86,35,43,20,85,95,27,66,73,58,31,98,70,23,16,63,20,64,33,72,60,24,95,12,54,82,26,87,94,21,4,35,43,20,91,18,14,3,38,19,34,28,47,40,84,49,79,47,63,25,95,80,95,28,21,59,80,25,61,62,21,27,50,2,88,80,-,17,13,91,53,23,53,49,42,54,68,66,99,77,25,31,26,73,86,86,38,17,49,10,5,22,29,58,27,45,89,64,13,70,42,27,40,65,90,87,24,41,8,84,85,11,32,70,53,28,70,33,30,68,81,75,49,25,51,81,54,35,15,18,100,15,16,70,12,87,84,38,33,87,79,87
38,63,32,34,64,16,16,38,53,11,13,41,57,11,33,66,83,56,5,32,24,98,90,52,50,55,18,68,62,60,38,64,88,36,25,30,29,61,50,24,66,61,2,28,100,64,64,18,28,22,88,71,18,84,6,83,44,8,67,38,76,82,15,61,84,67,52,86,35,35,89,16,15,63,21,-,52,87,29,69,56,88,19,6,13,45,40,60,80,8,29,51,58,86,15,7,100,82,40,71,100,71,66,14,79,83,33,41,13,17,12,58,22,73,89,93,76,90,66,88,8,31,69,57,84,10,58,83,10,17,100,90,85,59,21,27,29,90,53,74,53,11,73,25,47,33,47,18,40,48
52,36,45,75,97,10,75,6,49,52,77,53,40,24,73,57,98,7,66,87,42,63,75,73,23,65,50,4,91,55,71,90,4,14,79,46,83,34,35,78,58,57,47,8,96,24,96,16,71,5,60,91,76,23,54,4,24,32,60,20,68,22,17,71,20,4,26,85,74,80,51,45,2,79,27,18,-,58,62,27,48,37,45,79,66,96,98,16,70,67,95,17,44,63,37,52,16,3,36,24,40,66,45,51,34,51,99,98,74,21,36,78,36,32,75,21,32,13,50,47,26,63,18,19,77,51,88,99,16,83,11,61,21,58,4,73,30,4,32,4,70,16,90,51,55,75,92,55,53,14
64,34,55,60,19,90,58,57,25,83,75,66,79,36,46,72,87,6,96,15,11,52,10,57,13,24,96,95,2,2,37,88,37,95,36,60,68,35,6,89,28,42,27,24,14,39,67,39,5,7,29,34,61,6,34,55,46,8,94,23,36,5,77,19,16,27,19,55,74,27,74,96,94,39,10,36,35,-,86,27,24,77,24,42,92,34,2,2,85,5,55,74,10,9,71,91,97,41,86,40,64,89,98,77,21,71,10,4,65,98,52,81,14,35,54,4,89,29,100,22,14,29,7,97,66,50,26,53,50,67,37,82,25,65,66,54,59,29,11,61,37,78,3,8,85,46,89,43,71,49
81,79,70,80,12,26,19,18,31,84,35,94,83,8,54,52,45,64,6,79,43,60,75,81,80,42,18,33,60,73,42,97,21,48,86,4,74,42,37,28,11,93,32,93,91,39,3,16,93,94,46,42,89,27,36,22,87,79,84,94,59,41,29,46,22,43,10,95,16,80,14,18,55,23,31,87,59,34,-,49,85,79,81,69,10,62,80,59,66,59,55,5,6,46,25,32,63,32,84,35,11,31,11,58,60,47,41,84,78,30,83,97,42,66,44,41,13,13,50,1,38,85,82,82,37,15,2,93,91,81,71,27,55,78,43,95,40,10,49,2,69,10,13,25,25,85,22,74,36,90
64,40,33,15,38,33,94,57,55,86,88,89,33,46,30,23,11,71,65,58,68,34,19,72,20,42,33,70,2,95,23,91,20,27,24,93,89,72,17,25,65,63,41,49,93,46,30,26,28,11,96,45,99,40,37,71,63,35,94,21,72,24,94,26,62,45,55,11,84,98,33,79,11,3,93,42,67,69,42,-,22,25,24,21,53,59,3,9,39,16,80,52,32,92,42,42,16,75,57,61,13,90,50,32,25,97,13,6,95,59,15,97,91,95,74,37,67,46,88,26,30,26,38,46,87,85,69,51,4,77,6,20,46,26,82,61,46,90,51,64,80,41,12,90,67,86,85,78,55,98
43,63,21,67,25,72,22,29,96,46,74,43,70,92,50,30,33,12,87,9,51,58,14,31,18,74,18,73,97,5,15,6,47,16,74,34,18,22,71,54,59,57,67,20,80,97,55,37,11,40,61,87,40,22,50,62,6,22,30,77,44,21,77,32,52,31,53,39,48,88,48,31,17,84,73,23,93,66,81,71,-,27,20,6,3,90,61,24,79,77,70,13,79,69,91,2,87,75,66,31,30,24,85,16,18,5,19,72,94,51,72,50,18,71,9,29,84,75,23,14,98,21,88,15,16,29,19,14,26,39,34,21,23,17,33,25,54,68,36,85,98,10,35,92,97,74,14,53,19,5
55,97,41,47,94,51,46,31,43,75,65,47,86,93,15,9,97,87,36,77,72,68,50,47,15,50,53,87,69,93,99,5,51,42,89,18,48,34,57,9,100,99,57,31,50,96,47,79,93,99,51,18,100,97,26,85,42,30,94,1,80,84,53,12,52,16,36,35,95,23,72,39,19,72,33,76,43,94,39,60,73,-,84,39,98,42,73,4,65,6,56,88,9,42,30,41,10,65,35,54,42,61,19,60,98,11,81,86,67,18,84,28,77,38,58,32,87,59,11,56,93,89,77,87,85,84,46,96,36,58,20,30,92,49,83,7,49,66,35,74,68,91,22,14,100,33,75,21,61,67
18,26,11,36,12,81,96,61,1,52,42,75,51,33,6,34,70,65,95,55,99,39,64,15,88,98,11,20,10,6,63,11,58,9,94,38,10,17,33,93,29,80,25,68,2,31,49,3,71,43,21,27,34,54,40,27,79,99,14,1,81,3,67,4,89,60,25,74,79,60,79,49,93,94,43,76,87,91,13,12,46,39,-,34,94,19,26,30,19,90,49,7,5,75,86,76,40,26,63,6,47,37,8,8,60,4,90,38,50,31,98,78,36,72,50,52,59,66,7,77,42,1,20,6,51,93,34,90,73,91,64,20,10,95,18,80,97,88,23,10,39,16,28,62,61,87,95,60,95,3
35,18,9,17,60,62,84,56,32,12,67,63,14,90,46,10,41,43,27,91,76,91,19,19,19,64,23,86,53,11,94,53,15,8,10,23,13,75,27,50,76,29,14,44,7,65,87,39,89,41,41,13,95,53,63,31,52,66,51,11,96,57,78,10,7,64,41,96,15,48,64,58,85,5,39,99,71,20,15,28,93,48,53,-,20,89,2,61,9,62,69,43,10,78,97,26,63,29,16,44,43,51,17,49,48,90,63,83,71,48,90,81,63,80,7,70,73,89,23,6,17,37,12,94,11,64,41,37,27,48,26,9,60,92,11,100,85,96,41,65,83,30,69,42,51,23,51,5,16,30
34,72,16,39,3,5,26,71,13,42,3,13,81,29,59,80,10,80,60,32,66,76,46,44,26,62,23,20,66,25,69,6,69,96,96,7,49,93,40,55,59,16,63,5,30,97,69,36,83,13,54,45,34,10,93,100,21,78,19,46,55,51,89,94,73,91,82,6,53,10,25,26,87,86,45,70,89,26,85,33,8,43,71,94,-,11,46,78,33,14,77,40,82,67,34,40,59,18,15,95,62,64,73,47,48,60,62,22,3,100,33,22,20,2,39,90,46,3,80,42,56,83,71,53,18,5,42,8,30,81,19,51,60,89,46,1,81,63,63,72,14,18,84,82,26,28,16,55,81,60
69,4,44,94,31,59,21,10,93,59,48,90,18,63,34,63,25,36,59,12,80,4,83,98,26,27,70,82,91,45,63,95,10,3,75,56,69,67,74,76,53,23,38,39,41,66,99,29,57,5,30,79,88,79,71,9,52,32,11,26,11,80,74,13,52,12,41,61,95,95,44,49,54,57,51,67,16,19,13,13,14,42,85,80,96,-,11,52,11,7,89,84,15,6,20,36,68,22,78,62,24,55,22,30,54,5,55,27,17,76,80,15,28,61,5,88,42,32,12,58,4,48,95,9,33,47,28,72,53,89,39,5,74,82,99,82,47,56,47,47,55,15,79,47,18,53,76,46,72,15
73,64,74,62,31,48,48,93,27,27,27,43,37,4,59,92,35,95,31,81,80,95,92,74,74,8,13,46,31,18,45,96,71,13,53,5,62,68,53,53,56,66,79,94,42,36,26,37,76,56,100,69,90,40,41,65,34,35,99,51,23,57,73,74,50,65,74,29,93,14,72,4,10,89,24,100,36,77,60,71,34,94,87,67,20,33,-,51,8,70,34,84,61,43,99,12,29,19,36,34,87,62,51,31,85,41,72,42,70,8,38,83,94,95,97,34,11,31,63,52,65,88,6,68,85,30,12,46,63,12,5,82,39,45,90,99,54,29,79,89,87,59,83,89,63,49,46,80,80,82
84,61,63,8,81,2,15,74,32,60,8,43,97,4,45,69,55,47,18,37,30,6,13,55,48,60,40,79,10,68,28,54,71,24,93,15,50,60,37,71,6,23,83,60,81,67,8,21,78,78,43,57,32,14,31,57,68,52,59,57,13,87,38,85,47,1,71,93,22,15,66,9,59,98,75,72,20,43,24,91,95,35,40,99,68,19,19,-,75,88,76,73,70,78,29,53,25,80,44,46,58,51,15,77,94,83,15,21,41,25,93,27,14,68,49,59,96,18,25,3,89,6,68,81,8,66,53,56,66,37,30,48,50,7,41,41,4,20,60,43,100,88,65,38,50,45,87,83,24,8
33,46,13,5,54,81,19,58,41,71,75,69,78,60,82,52,17,19,90,54,93,64,35,60,82,17,78,48,93,56,49,54,100,24,98,50,26,76,70,56,55,53,46,59,63,53,26,1,81,72,74,63,40,19,80,98,28,51,87,52,28,15,31,74,95,86,80,43,55,13,78,24,42,40,43,28,38,96,99,48,66,73,79,52,58,17,14,60,-,55,2,48,61,5,43,38,19,84,7,99,37,52,91,4,7,92,12,8,58,3,83,16,5,13,52,37,68,42,32,85,68,22,5,25,61,81,14,89,61,90,53,20,93,42,65,60,81,35,92,31,7,55,56,57,21,68,79,25,22,66
48,44,75,57,81,91,3,21,80,21,69,10,84,82,6,47,13,88,65,16,88,39,27,53,57,96,21,92,95,31,63,26,32,81,63,70,27,3,100,57,35,33,4,84,31,56,33,98,93,63,56,51,65,58,20,24,27,55,58,73,24,73,44,56,45,97,93,40,44,82,3,48,72,81,5,7,96,49,29,36,80,94,46,55,21,70,92,75,4,-,55,23,2,64,77,11,44,11,87,54,66,92,2,65,40,23,38,18,60,37,83,20,13,86,41,47,78,83,93,89,1,79,21,89,68,44,47,72,53,34,24,18,38,14,27,98,37,60,71,47,33,62,49,91,65,33,7,61,66,28
64,92,4,74,10,50,90,72,25,53,67,6,74,55,34,49,39,20,88,29,93,41,23,69,14,47,61,76,44,100,100,39,17,36,65,12,52,14,87,95,13,87,71,54,40,27,6,83,100,16,18,50,70,79,69,96,2,55,69,60,80,49,72,29,26,4,3,55,9,1,75,45,78,33,36,16,78,66,48,91,26,16,87,79,55,44,76,90,45,94,-,75,90,85,81,52,59,86,59,28,94,54,62,27,91,71,30,67,30,94,3,75,65,55,92,51,34,73,79,6,33,51,64,81,11,1,88,20,56,82,76,70,92,26,4,26,30,18,94,23,9,77,18,89,28,32,14,88,70,13
75,50,13,52,42,9,54,77,49,44,88,19,94,61,44,97,7,84,71,24,54,57,51,78,49,71,41,78,5,83,80,32,95,85,8,77,1,11,69,62,42,9,30,44,46,54,93,99,61,13,48,76,41,98,20,94,93,88,75,49,29,97,43,67,45,82,49,78,32,31,30,58,8,35,70,32,86,70,95,74,65,14,89,55,99,61,89,87,35,20,19,-,53,75,4,99,30,10,54,94,21,29,30,84,71,27,11,14,37,63,4,97,45,61,20,96,42,2,48,42,96,52,48,20,13,49,63,44,51,78,25,33,5,20,15,56,4,37,80,4,73,52,74,20,42,38,58,86,52,88
68,78,74,28,8,41,41,24,51,85,77,50,66,55,94,21,59,93,93,66,32,37,46,97,43,24,33,46,36,81,89,29,67,5,55,51,75,69,4,76,13,32,82,6,55,38,78,4,79,23,48,27,67,77,35,65,67,37,74,90,2,75,9,34,19,46,93,24,14,30,25,39,90,39,57,96,88,60,7,7,65,93,41,28,18,23,26,27,9,1,31,96,-,82,65,14,55,59,67,80,76,54,9,74,43,92,48,61,86,90,12,55,9,78,73,14,53,80,62,43,64,31,86,59,87,84,53,74,41,99,8,91,34,91,63,44,42,74,87,43,80,90,77,5,43,78,97,51,20,51
37,36,12,13,81,10,44,84,66,95,52,59,23,63,52,18,46,78,66,89,48,84,66,67,5,79,58,22,2,77,62,65,31,82,56,53,31,70,69,2,68,1,19,28,60,60,82,42,94,35,98,84,44,85,62,56,75,40,32,19,25,100,67,36,6,96,74,63,33,24,94,30,46,49,3,30,37,7,48,34,100,17,34,20,62,9,90,43,3,89,2,43,95,-,26,1,44,23,28,12,84,72,5,7,82,59,10,43,94,93,84,3,20,26,93,21,31,92,73,31,95,33,57,43,96,22,71,29,31,65,96,100,67,34,39,17,78,43,99,95,32,79,55,86,94,22,31,56,39,45
51,69,32,1,61,74,18,88,60,20,11,72,36,90,79,64,9,12,73,99,59,42,47,88,100,71,26,29,3,70,52,72,79,77,48,93,56,55,11,46,73,73,34,56,1,97,14,39,36,28,52,19,91,31,45,77,84,36,15,19,92,62,56,27,46,12,6,83,78,74,92,36,66,85,6,62,77,34,15,77,18,36,94,58,97,80,10,34,32,21,59,1,91,3,-,45,1,86,56,22,19,24,66,61,98,61,4,74,78,1,56,47,17,21,35,87,70,81,72,77,73,82,73,94,99,53,18,84,75,26,48,70,77,57,8,48,68,88,43,86,56,80,37,12,33,37,19,22,49,14
81,27,67,44,93,44,19,76,91,48,41,90,67,35,47,26,74,84,12,33,4,36,74,78,27,61,32,5,7,70,60,82,98,88,73,4,74,99,1,93,78,60,86,27,16,96,7,21,76,81,13,53,91,48,58,48,98,15,87,49,81,23,48,3,82,66,8,69,73,35,20,6,20,65,22,6,40,9,88,74,22,29,75,79,54,34,4,12,49,14,29,90,20,58,72,-,42,86,47,78,72,54,32,56,30,24,54,6,85,12,35,72,87,42,96,79,68,27,7,79,2,77,1,94,54,35,93,95,48,25,50,23,21,40,34,78,47,42,40,25,25,40,2,66,68,67,58,43,81,66
62,77,91,94,89,66,96,12,51,82,80,79,47,27,64,36,36,66,64,33,59,9,6,22,26,1,46,24,14,26,55,32,73,17,5,68,61,69,21,21,92,22,6,28,75,74,95,22,41,22,54,98,40,68,13,16,78,90,44,36,70,25,25,8,72,2,17,18,18,60,72,91,84,95,66,18,13,38,61,7,90,73,63,75,2,51,15,54,14,15,45,88,92,10,22,76,-,26,14,15,98,86,26,24,59,1,56,86,9,58,35,61,43,22,70,33,27,49,20,28,98,42,28,27,40,78,65,42,97,21,89,24,57,17,64,21,5,8,70,59,87,45,90,42,87,5,84,96,32,74
96,81,47,28,26,49,70,86,77,73,42,66,13,13,60,98,76,30,80,63,37,56,45,69,84,43,37,81,64,94,19,80,29,30,72,68,50,43,68,61,56,13,31,49,89,90,52,53,16,32,28,2,73,48,76,30,16,10,21,32,37,38,49,2,11,28,39,81,77,87,24,73,51,38,18,59,32,7,94,71,57,88,64,9,25,73,87,68,39,95,16,65,44,67,19,93,21,-,73,33,68,21,62,70,53,67,71,24,8,15,97,18,87,94,34,32,97,34,21,61,50,7,88,85,69,93,13,88,82,85,61,91,100,81,53,54,5,48,35,45,70,15,98,95,1,76,44,90,67,43
17,41,89,19,95,45,46,41,63,16,83,56,7,34,31,31,33,65,69,79,84,74,85,13,87,69,89,38,54,52,63,71,17,67,10,50,10,14,29,46,23,17,37,73,36,45,23,60,75,18,97,50,72,93,95,80,38,36,73,33,76,64,17,73,83,10,97,56,99,48,35,91,50,33,35,66,3,84,44,91,73,97,38,50,12,41,76,8,78,23,96,77,8,80,84,33,92,82,-,64,21,100,96,27,10,57,94,42,84,40,24,24,54,96,92,61,56,63,39,76,86,6,48,98,58,24,39,83,89,6,13,18,28,46,74,69,89,52,96,85,67,80,6,100,84,33,58,78,8,100
4,24,26,16,6,75,86,55,5,55,50,13,45,6,57,73,89,26,78,66,78,31,81,50,66,18,5,46,37,10,52,3,32,98,67,95,62,1,54,70,63,68,15,19,8,55,35,56,37,52,85,43,55,11,52,17,91,2,8,85,5,76,16,95,30,23,57,72,95,96,53,32,7,18,7,67,1,86,5,37,37,75,69,93,26,90,4,55,41,7,8,59,32,45,67,30,83,100,59,-,45,99,5,4,24,25,76,37,64,67,82,43,60,81,88,14,9,65,58,35,49,96,78,4,52,52,90,91,2,43,56,11,29,11,71,59,44,93,11,46,89,82,46,43,24,14,68,43,35,35
15,17,26,78,21,90,72,6,31,62,4,59,54,8,18,45,71,77,94,76,7,92,60,73,67,22,70,65,23,17,44,68,64,31,53,63,47,89,94,95,96,11,92,70,35,74,97,66,64,82,87,16,24,38,25,54,4,4,65,1,45,8,85,84,16,25,41,20,55,3,16,59,26,34,83,52,62,11,57,88,12,36,6,95,26,84,21,71,84,42,35,59,12,55,90,1,69,68,32,2,-,83,44,37,48,60,58,86,29,54,70,15,36,52,33,13,67,66,24,58,61,8,75,33,20,36,19,47,14,48,11,91,43,27,62,76,36,33,5,92,28,70,18,69,5,67,45,86,54,2
38,30,83,6,20,95,81,28,63,15,40,25,77,40,93,68,43,84,68,20,64,48,31,47,2,78,27,69,12,20,28,86,46,98,32,35,19,33,68,95,37,37,69,36,74,91,73,97,9,97,19,59,5,42,85,38,52,93,48,10,82,65,60,65,81,98,70,50,26,64,58,36,49,38,64,72,66,59,17,58,40,19,100,49,93,73,37,75,72,12,26,47,47,77,27,8,22,56,68,24,6,-,28,70,8,91,20,76,86,75,74,18,68,62,84,50,84,12,82,21,19,45,70,76,35,80,36,39,99,1,29,92,12,59,68,100,78,5,53,52,40,24,17,82,63,85,77,26,65,8
60,62,41,90,27,53,56,80,31,19,20,61,54,36,51,32,59,17,89,40,74,18,67,26,59,67,82,55,95,50,60,79,11,55,29,18,10,20,43,95,30,22,31,87,68,7,56,19,13,53,7,85,45,52,84,7,60,68,63,41,11,9,70,64,84,81,72,8,47,15,88,28,62,55,95,99,10,99,8,44,76,93,20,4,52,10,14,83,55,44,48,67,38,41,100,35,78,49,34,1,99,19,-,50,49,32,74,89,100,81,4,50,31,84,63,10,64,47,11,8,91,42,24,17,75,56,1,74,41,52,27,33,66,2,96,5,50,50,37,16,16,100,99,30,24,96,3,48,66,21
58,95,35,81,93,30,73,26,32,15,49,76,74,73,35,55,87,98,38,21,64,25,28,13,53,49,35,53,91,94,48,94,99,83,70,76,18,67,3,10,80,59,56,93,60,97,43,56,30,61,53,83,67,38,61,10,49,56,22,84,27,65,18,49,31,22,73,34,45,82,20,71,57,96,21,15,17,56,35,96,83,41,93,12,99,39,81,37,46,76,93,41,31,3,81,65,40,18,19,82,77,21,74,-,36,34,70,9,72,56,96,31,5,13,82,19,26,13,34,67,10,84,49,78,59,62,29,61,58,47,22,31,68,7,16,23,38,76,60,27,18,7,35,57,29,64,43,27,28,42
9,5,55,23,75,33,76,58,24,83,30,71,100,7,25,54,28,82,76,99,55,88,16,21,68,91,37,16,74,94,27,67,78,7,80,78,41,88,95,35,45,94,28,25,34,9,74,68,36,46,10,15,95,56,45,67,78,18,73,89,74,38,81,75,50,92,88,9,45,81,55,43,45,11,26,98,89,95,39,48,49,69,99,73,96,84,8,46,98,34,36,23,4,18,50,9,25,13,17,72,18,24,83,18,-,33,67,14,54,8,76,52,68,78,53,16,60,28,4,78,38,67,50,61,56,70,15,100,100,43,79,8,21,38,48,42,4,60,43,73,61,31,77,41,68,97,75,49,2,90
16,61,97,87,55,67,97,38,46,11,66,27,90,58,87,71,44,7,88,29,58,16,31,68,4,22,78,66,66,19,67,29,42,67,2,43,2,55,21,11,67,45,69,53,53,65,71,53,53,67,22,44,1,84,61,32,34,52,54,31,1,15,47,97,48,32,29,17,6,26,20,55,56,62,79,41,53,87,18,73,29,86,35,69,2,51,54,90,10,54,41,69,23,93,72,67,67,46,36,72,92,75,24,2,50,-,15,75,68,62,74,27,69,100,13,3,78,52,7,40,36,1,81,75,31,29,30,68,20,30,9,5,12,48,83,60,45,50,51,85,29,50,97,98,39,5,93,6,72,12
1,56,67,20,85,30,37,25,56,98,3,86,45,19,36,68,88,62,53,1,85,44,81,86,89,83,85,93,13,50,85,91,5,12,49,45,35,86,55,61,46,21,55,61,40,62,69,54,3,95,11,57,9,79,90,50,47,20,46,28,18,70,33,4,86,85,90,100,54,10,97,34,64,80,1,33,28,99,45,73,43,32,60,1,89,69,38,80,93,28,25,34,97,90,58,82,7,20,18,40,44,10,36,70,2,66,-,76,87,74,73,65,56,81,9,100,69,26,83,36,23,80,51,42,48,87,13,79,10,90,73,2,1,34,95,100,100,99,33,7,12,68,52,35,31,74,35,88,93,60
54,100,91,13,73,60,93,19,8,43,83,72,40,74,92,76,33,61,54,86,73,3,84,33,6,6,33,23,26,24,27,22,45,98,51,52,32,79,38,70,26,32,57,99,57,38,77,21,68,64,14,66,41,26,90,95,51,27,87,68,56,28,85,55,78,58,98,48,94,53,14,100,5,63,74,25,53,52,98,29,87,57,82,72,22,70,65,62,29,70,25,45,80,12,25,71,97,26,74,41,99,37,87,34,81,3,38,-,14,76,75,97,10,39,68,4,65,52,63,93,57,29,80,19,70,88,82,8,16,34,87,62,12,22,55,69,21,23,27,81,46,79,38,9,19,100,11,23,66,22
35,3,37,95,85,49,87,31,62,36,59,10,82,35,29,6,30,43,65,15,2,12,69,35,61,38,46,23,12,38,69,97,3,79,78,8,97,22,89,75,58,74,27,4,62,52,13,17,23,9,86,8,58,32,52,22,40,95,33,86,75,19,22,75,73,67,29,99,54,7,24,18,42,37,45,44,73,70,27,30,66,2,74,83,44,83,36,13,31,57,62,87,23,92,25,9,4,51,87,98,49,15,32,36,60,77,26,64,-,47,85,11,27,70,14,76,19,5,42,80,69,47,58,28,13,24,14,72,69,82,42,38,100,48,73,32,95,47,69,34,3,73,22,61,89,1,24,58,61,24
57,62,84,13,34,11,87,50,23,3,32,27,59,7,99,24,41,92,79,13,59,78,35,88,76,7,76,39,53,78,28,44,90,91,24,33,13,9,93,1,69,23,65,2,41,58,90,3,1,35,51,31,89,18,69,98,6,26,67,22,10,74,46,64,31,25,26,83,33,36,38,78,91,19,23,11,78,1,75,36,37,86,2,64,42,69,66,95,67,21,36,82,90,33,89,47,47,32,96,65,55,72,5,25,55,31,9,40,23,-,93,54,21,84,96,58,33,63,65,59,21,27,72,4,2,95,8,61,67,58,47,64,100,19,62,38,86,88,13,85,3,75,95,48,42,23,13,80,38,82
6,11,37,16,44,46,92,42,58,14,60,33,64,90,81,73,46,73,84,76,78,30,47,5,20,24,58,25,90,81,23,71,49,53,15,16,9,99,72,95,34,77,90,46,78,41,46,100,76,46,27,90,25,98,1,83,41,25,27,29,32,74,78,41,7,40,75,33,59,36,50,21,81,81,20,87,84,18,31,22,57,2,64,84,44,31,80,30,45,80,2,93,48,2,95,49,74,50,31,25,41,52,40,28,82,47,58,64,31,36,-,27,32,72,35,93,49,59,56,82,72,46,61,20,63,4,38,62,73,90,41,86,95,6,56,45,13,15,73,10,36,50,44,89,96,53,14,44,25,95
46,39,48,14,73,3,59,12,41,13,37,84,3,58,16,18,65,93,93,43,54,100,100,72,27,35,88,81,95,50,17,42,62,90,35,29,56,7,39,39,5,22,42,78,90,90,71,29,39,2,4,30,97,60,54,95,31,39,40,24,82,64,81,91,9,27,61,56,64,62,2,46,35,42,19,58,88,2,38,75,84,82,42,39,84,88,82,12,19,41,8,24,79,98,50,92,74,88,23,31,99,88,56,7,46,92,40,20,62,21,16,-,35,71,18,18,32,14,2,42,53,70,15,41,55,64,19,97,60,37,98,74,2,17,82,76,58,99,100,98,85,84,52,17,29,33,42,97,60,40
25,89,11,10,64,89,61,10,76,5,23,52,54,95,29,55,8,14,19,42,63,14,73,45,76,98,49,6,62,42,13,16,99,81,98,2,86,71,69,72,73,91,17,88,61,30,77,25,91,65,55,82,12,74,7,24,69,61,9,42,73,47,65,90,40,84,93,19,57,39,15,86,58,24,66,46,70,100,61,70,15,16,62,23,93,26,2,8,50,66,58,66,17,8,94,22,54,79,83,55,22,45,41,3,63,98,67,36,64,100,3,58,-,89,78,31,45,96,40,7,76,93,41,83,38,27,17,7,84,3,47,17,33,2,31,85,28,24,88,9,94,31,89,28,6,83,46,72,36,9
99,29,7,98,11,58,60,57,18,99,100,29,17,85,7,89,69,82,85,70,23,22,77,57,3,71,58,18,25,85,62,59,64,89,100,1,42,93,55,45,54,65,91,93,97,54,37,21,99,12,51,32,71,15,75,94,11,95,39,49,49,93,83,7,18,88,64,50,3,70,50,56,8,81,25,3,43,51,20,8,20,40,40,18,99,52,67,9,63,92,35,2,22,5,94,24,66,26,17,60,42,39,29,16,55,48,64,98,81,67,7,78,26,-,45,13,60,32,43,55,7,65,89,89,7,30,60,90,56,28,42,96,97,44,42,42,54,4,94,4,8,14,42,33,30,53,71,6,10,51
45,82,27,53,2,34,28,12,7,18,31,40,14,20,71,4,24,14,98,58,100,27,6,98,29,71,99,72,39,74,57,29,42,86,70,39,58,2,31,8,22,100,99,45,73,31,5,8,26,99,55,75,6,99,57,6,68,13,89,28,21,21,49,37,55,58,76,71,23,6,97,6,68,65,24,15,87,25,93,46,84,64,34,92,57,70,87,77,86,64,100,77,75,84,47,36,23,84,48,91,41,45,85,38,84,2,28,92,67,51,26,95,30,51,-,87,78,86,56,94,37,78,21,69,44,99,78,5,32,8,78,34,23,87,6,24,7,30,37,24,98,48,1,46,8,72,76,72,18,82
50,68,42,71,81,89,100,71,63,26,49,7,66,98,82,57,22,11,5,10,60,48,66,92,42,49,3,10,87,1,60,61,93,54,3,28,43,99,20,68,61,56,47,40,51,21,15,87,10,48,92,34,22,55,5,48,35,23,25,72,14,78,60,40,6,14,81,80,20,41,89,94,73,46,30,59,71,45,85,72,33,63,45,50,78,16,43,49,7,21,8,68,27,54,5,21,42,44,48,4,21,73,99,85,12,63,9,8,2,1,24,64,79,80,76,-,91,76,65,1,17,42,4,53,60,85,58,5,4,29,60,54,64,41,76,48,36,26,14,16,28,11,61,6,1,28,55,90,100,67
75,23,68,99,37,95,9,68,59,15,81,39,79,14,85,35,93,56,50,61,6,94,10,51,8,41,5,63,76,75,29,17,17,78,5,32,40,59,1,92,93,91,60,31,47,23,38,95,42,98,15,6,22,4,13,88,52,29,20,57,12,32,24,77,55,2,7,72,66,35,37,37,100,35,89,77,21,10,35,93,23,3,62,94,76,5,36,33,62,72,36,72,70,66,69,96,15,54,35,27,86,5,87,1,4,100,89,74,68,3,29,48,95,92,22,14,-,66,57,24,95,36,36,42,70,80,51,35,4,98,93,63,46,30,59,99,49,30,70,36,54,13,29,31,45,85,64,38,28,34
88,87,32,14,95,18,92,3,12,100,96,94,84,52,6,26,92,67,75,83,26,13,3,13,14,86,12,57,5,13,100,69,84,63,97,77,60,58,95,59,60,52,86,71,30,68,23,10,62,2,62,20,12,4,64,80,47,44,60,100,70,49,85,78,97,46,75,66,82,73,32,89,100,23,19,30,44,74,73,67,30,35,36,6,4,23,3,59,85,8,100,65,67,21,22,86,38,3,81,66,73,69,80,2,65,84,92,34,53,86,26,35,22,23,33,74,41,-,14,99,74,1,16,59,13,30,96,99,65,55,87,42,41,93,56,78,97,36,56,54,21,23,85,45,59,24,81,51,53,49
66,47,17,16,53,33,23,30,48,23,62,18,24,30,25,60,2,40,36,75,14,58,66,58,100,80,2,93,10,3,9,42,62,75,3,83,94,84,51,91,65,51,35,87,2,67,15,84,4,38,14,9,55,14,63,59,24,48,20,19,13,41,94,66,18,66,42,17,20,6,79,39,19,36,14,18,1,91,42,2,39,25,75,14,96,93,77,48,73,57,38,86,1,67,16,83,91,52,95,98,45,16,88,25,28,36,94,20,54,90,72,43,46,85,80,21,18,54,-,72,66,92,59,66,29,98,26,80,27,42,69,93,58,70,98,70,10,10,17,30,71,8,75,22,55,12,31,35,80,67
78,20,67,31,80,96,49,31,82,60,81,55,29,16,63,98,17,2,87,31,81,14,12,91,41,71,63,95,48,85,40,49,32,24,97,33,98,46,8,8,62,59,57,27,46,95,75,80,86,35,82,98,90,39,23,2,40,100,38,60,42,75,30,2,32,74,72,35,53,32,46,33,37,16,66,85,6,22,49,67,1,31,48,4,15,49,31,47,84,88,6,40,73,72,73,79,17,65,53,70,92,73,53,39,100,24,98,79,15,44,30,74,92,21,10,38,1,87,43,-,6,5,14,66,56,53,61,91,80,22,12,45,29,3,88,40,49,7,2,13,80,56,71,82,92,18,48,88,23,79
2,4,83,71,70,43,99,81,88,43,90,74,81,33,3,37,35,53,6,9,30,19,80,29,48,46,13,38,100,79,10,88,49,10,86,15,92,33,60,96,55,63,92,59,61,96,19,36,75,71,49,99,76,36,28,66,45,2,14,39,7,78,67,42,36,98,17,43,49,35,35,56,33,12,90,99,62,39,67,78,8,4,14,34,27,74,53,78,14,85,24,13,35,81,20,32,23,15,95,51,13,32,26,50,18,100,42,72,49,59,59,25,8,26,59,35,99,52,41,38,-,17,12,66,24,43,29,70,97,4,60,24,16,16,78,14,68,35,82,14,8,30,65,83,52,41,72,34,6,92
49,6,35,42,18,42,33,84,32,81,3,40,1,19,12,63,79,86,93,67,2,30,3,92,48,56,8,2,12,44,53,46,75,99,65,100,16,37,97,14,56,83,42,35,98,78,67,50,75,16,33,34,19,72,81,50,20,82,28,35,38,30,13,35,9,1,57,100,56,99,81,77,22,34,33,96,75,8,39,82,10,58,44,55,99,58,13,64,77,48,31,76,52,93,13,10,54,50,66,32,64,11,84,95,26,66,11,46,23,96,87,11,71,19,44,3,33,43,71,6,29,-,75,72,47,58,95,5,10,68,59,65,11,88,25,17,69,99,12,1,58,96,85,54,67,97,2,74,42,5
68,5,44,16,91,64,53,61,65,41,29,69,17,59,98,89,77,29,45,58,79,20,28,47,69,98,46,80,36,30,26,72,13,73,22,95,34,39,59,96,99,1,85,14,80,23,64,30,47,97,53,57,99,33,23,80,31,84,99,94,97,55,54,90,10,90,73,27,76,41,22,88,56,64,42,9,94,74,36,5,32,67,51,91,90,25,44,56,6,38,82,86,1,39,28,56,90,87,69,81,63,73,80,68,32,27,56,20,27,14,7,50,22,2,11,44,44,88,38,73,18,53,-,36,31,36,17,16,50,15,85,59,1,1,12,57,76,46,55,2,17,92,49,4,47,31,95,43,79,50
59,87,32,68,30,47,21,38,30,35,86,64,30,4,90,43,8,5,82,80,61,64,51,100,88,14,72,35,67,94,55,98,22,46,52,95,66,8,44,55,82,41,42,33,19,64,75,24,65,97,97,56,66,51,2,24,14,17,21,7,76,45,52,34,85,68,1,56,2,44,89,50,9,13,62,94,34,14,60,58,100,85,41,77,66,16,20,23,50,57,23,5,60,28,14,35,81,34,58,7,91,83,29,45,93,88,41,50,39,71,93,43,62,54,66,42,39,38,61,99,21,97,93,-,87,11,28,22,71,91,43,52,48,56,11,52,89,24,76,40,100,73,82,64,9,56,44,68,82,68
7,53,31,30,30,10,97,59,91,91,94,97,89,48,3,50,67,55,37,25,23,93,46,86,29,57,19,21,53,95,96,80,78,90,84,34,5,63,75,52,53,44,85,23,95,80,67,43,86,68,16,89,12,2,71,17,86,98,97,36,20,46,100,61,86,5,11,82,20,49,91,44,96,5,20,37,12,60,65,20,46,27,1,45,76,55,65,68,32,73,89,36,22,49,92,29,32,69,3,18,11,22,69,61,60,81,75,25,29,25,4,73,55,79,23,41,44,66,100,30,73,93,55,66,-,78,83,63,52,4,81,34,41,61,34,69,83,69,85,48,67,8,43,98,100,74,23,13,84,58
32,22,55,7,37,18,21,29,3,92,13,17,27,43,68,59,63,69,91,85,93,53,65,48,64,30,47,55,62,21,15,82,50,3,79,69,6,67,41,34,68,66,32,18,56,29,89,99,72,22,66,93,70,85,13,68,67,15,8,42,84,50,33,36,89,88,76,64,22,99,63,32,87,49,76,62,11,74,25,92,88,50,82,45,76,48,25,28,54,36,82,96,34,30,29,90,92,96,23,66,35,84,7,92,58,36,95,11,8,99,50,4,70,20,93,1,72,16,69,7,23,9,81,4,6,-,2,36,6,47,4,43,83,26,71,47,21,49,97,44,5,18,88,33,1,64,2,44,2,51
44,98,46,57,22,13,42,28,60,87,77,68,67,71,20,100,1,58,1,95,67,100,92,39,66,15,69,97,94,13,40,52,56,82,81,36,14,18,17,14,32,98,56,66,14,61,91,5,29,7,25,35,95,97,67,57,70,34,49,5,79,95,22,44,55,99,18,18,15,11,93,50,34,84,80,60,20,26,1,55,72,10,98,71,65,19,20,24,76,99,83,5,53,87,44,14,24,3,35,14,25,48,44,39,42,42,4,77,62,91,76,26,37,49,81,64,85,88,22,63,90,6,70,49,98,33,-,78,24,7,45,100,34,61,43,37,47,4,12,90,44,96,20,75,31,72,37,95,73,81
14,62,30,62,8,71,94,72,9,61,21,94,92,18,72,9,53,41,31,25,63,32,52,62,1,83,33,16,11,75,29,36,38,93,57,23,47,35,78,52,60,9,56,76,34,69,93,18,20,39,38,22,12,6,25,92,70,32,82,42,96,36,74,33,33,85,83,26,78,67,73,66,45,27,49,14,1,96,51,12,54,46,79,44,46,6,82,68,34,82,94,33,53,13,25,59,94,7,21,46,48,54,94,88,54,96,98,54,25,14,95,8,17,87,98,54,60,82,61,60,16,89,36,77,6,25,39,-,33,86,21,72,25,27,19,20,94,20,95,76,8,59,60,95,51,87,58,76,57,6
41,54,17,65,73,47,67,77,92,48,76,43,76,96,37,95,47,38,9,21,25,3,89,83,3,34,93,32,20,82,7,11,4,2,36,52,18,62,32,26,49,17,71,19,41,86,67,78,39,30,49,53,28,67,100,95,35,97,76,54,11,97,6,15,86,74,59,85,46,98,61,99,76,2,34,66,29,49,4,25,81,85,45,93,78,23,29,36,86,83,2,65,78,24,13,31,3,82,63,57,87,8,92,1,3,20,12,80,32,92,9,13,76,60,67,43,39,8,28,66,100,53,3,40,82,14,51,54,-,20,30,95,33,79,15,21,55,18,35,5,3,29,1,74,40,75,59,36,86,62
15,33,81,77,68,31,25,13,95,67,3,76,95,11,12,53,66,65,92,54,26,60,34,23,49,79,90,5,22,91,63,86,81,22,75,83,72,76,20,98,90,12,70,66,92,45,59,77,41,75,46,82,59,82,29,11,82,75,21,17,47,99,35,77,86,5,42,92,65,73,19,42,74,6,58,14,66,50,8,36,97,24,18,76,94,93,54,72,74,77,70,54,41,14,5,77,38,69,54,11,81,64,90,75,8,37,39,16,68,99,19,23,2,10,72,96,53,77,31,21,22,80,84,40,82,55,65,70,58,-,93,21,72,37,15,83,100,50,45,76,41,77,97,7,9,45,49,70,18,76
43,38,14,51,49,32,39,16,72,29,81,44,80,23,64,61,86,59,77,31,53,44,78,48,98,73,92,86,43,33,49,23,84,25,90,32,74,93,41,44,64,50,93,51,11,49,85,35,7,34,81,18,98,64,79,3,93,28,9,76,62,69,51,95,78,74,90,94,69,65,86,90,36,13,54,90,97,3,33,89,35,82,72,37,28,81,84,8,50,13,22,65,47,53,4,6,23,90,11,84,92,46,82,89,8,83,38,66,33,54,10,34,82,33,50,70,6,80,30,96,37,11,71,28,7,91,21,11,80,82,-,52,41,57,2,45,81,98,53,9,36,66,34,10,56,14,64,57,76,85
77,52,58,64,72,26,13,15,24,85,61,77,4,51,44,97,22,62,13,72,23,92,16,71,74,89,40,87,84,1,20,80,36,71,81,81,38,50,97,83,23,63,92,54,46,98,43,6,99,58,79,99,28,58,100,31,83,73,97,62,69,91,93,62,28,72,82,87,76,23,91,77,33,84,15,59,5,65,79,97,74,15,41,32,80,66,74,9,83,33,50,68,78,75,53,85,42,22,35,86,85,49,97,10,10,51,47,78,69,97,50,18,48,5,71,54,76,77,74,31,24,100,23,37,34,38,31,25,73,69,88,-,32,33,58,32,50,47,55,49,79,97,32,40,56,7,36,10,37,40
65,57,24,74,99,66,59,61,20,28,36,84,57,50,16,69,1,61,6,56,48,96,96,65,97,83,42,82,90,56,49,58,87,2,83,11,82,20,46,54,85,84,16,39,13,69,68,67,9,28,62,64,90,55,37,72,57,58,4,11,7,26,95,58,7,79,93,45,5,96,91,67,37,97,69,46,95,66,76,31,85,41,83,41,44,52,1,80,87,98,15,28,52,24,68,85,86,43,78,49,72,84,15,16,96,98,38,71,4,96,44,28,10,22,28,52,37,10,96,100,59,7,1,76,39,99,61,45,6,20,23,30,-,99,19,73,47,84,66,44,21,99,49,44,38,57,70,69,17,29
53,14,22,40,89,46,77,45,98,44,5,21,71,80,27,39,34,90,56,78,2,1,8,63,75,82,61,31,9,95,63,49,39,38,78,74,82,51,61,92,40,53,42,42,99,60,66,47,4,69,67,22,5,72,70,65,59,62,47,64,1,34,89,50,66,52,15,51,93,89,92,72,32,92,52,3,35,69,75,64,79,6,65,7,10,10,32,78,39,23,60,91,17,63,81,71,75,81,29,67,77,48,64,89,82,60,43,9,88,77,78,68,78,8,28,96,81,90,96,21,64,2,9,40,78,34,85,10,95,32,25,62,6,-,98,93,9,48,17,13,75,85,16,14,47,77,66,18,22,2
62,27,35,8,53,12,31,79,95,11,11,32,13,20,33,42,59,25,26,100,6,43,80,95,99,15,24,27,44,99,20,9,15,71,17,96,72,72,89,45,93,71,72,16,26,47,96,59,19,29,43,43,99,88,34,77,77,19,24,16,58,51,82,54,27,82,54,70,47,67,70,49,49,55,54,68,57,86,18,30,73,89,92,97,33,49,23,86,49,44,65,75,25,23,88,37,44,10,92,77,95,32,39,41,38,53,22,54,91,34,82,94,81,63,43,49,28,15,22,82,86,61,1,44,32,21,68,47,88,16,85,49,79,7,-,35,75,28,45,35,54,5,89,71,86,71,94,96,53,63
82,82,79,43,47,26,10,69,55,20,65,37,77,17,55,55,25,57,53,81,97,84,26,65,45,4,98,65,17,91,46,87,34,65,76,44,77,13,36,65,16,10,49,66,73,67,67,67,38,62,26,11,86,1,79,75,100,96,44,19,70,10,43,95,28,75,13,53,51,22,26,48,66,36,93,42,33,78,28,57,27,87,1,89,18,20,14,55,26,9,27,15,52,56,34,74,62,1,32,63,7,78,68,74,35,52,97,85,87,19,3,2,31,74,23,54,55,28,21,52,65,67,19,39,28,23,87,15,21,46,36,27,89,94,90,-,1,51,62,75,5,86,87,78,16,68,13,45,68,41
88,11,29,64,99,56,7,31,87,46,85,88,8,90,57,82,74,6,60,70,100,17,2,91,14,5,56,77,97,57,96,89,42,54,4,49,99,28,99,10,30,76,91,73,96,63,74,76,28,8,35,8,46,9,83,87,65,97,75,41,42,9,83,48,72,65,25,92,72,82,43,64,100,84,51,71,10,52,62,3,58,15,43,81,67,9,51,3,90,55,91,58,61,80,48,98,60,67,8,1,39,31,51,19,60,50,75,16,8,75,18,86,20,8,24,10,53,38,27,19,90,26,60,85,99,35,1,70,88,72,100,74,47,71,7,10,-,14,93,75,4,28,25,4,50,11,39,25,45,26
17,37,64,98,59,24,17,91,14,100,50,82,15,42,77,20,44,57,33,96,68,82,42,88,59,20,83,88,99,77,87,8,55,47,21,27,60,25,97,100,86,6,59,63,15,20,15,58,1,78,23,100,35,34,75,33,21,58,98,63,40,15,17,41,28,29,28,99,73,48,47,98,6,7,89,31,12,28,44,56,43,17,91,90,1,44,84,16,14,1,76,97,67,81,41,38,34,74,18,69,8,32,21,30,1,94,70,19,14,25,97,77,39,72,59,97,52,2,45,61,82,99,86,8,90,72,18,69,82,79,47,25,38,92,100,98,32,-,53,25,83,32,12,91,70,46,53,77,59,90
3,55,65,42,94,62,92,20,84,81,67,14,76,66,100,31,32,83,82,57,39,39,90,77,78,32,7,100,34,82,22,77,95,56,62,99,47,65,97,25,31,58,59,13,35,17,9,78,53,49,50,67,92,4,24,46,57,51,20,49,75,42,72,61,12,66,42,60,73,37,39,60,28,13,2,32,56,75,93,52,13,64,47,79,47,52,41,1,94,67,100,23,81,90,41,70,53,75,56,64,29,34,85,27,91,9,4,29,85,73,96,78,51,25,32,62,47,30,67,51,48,72,19,59,13,12,3,43,54,71,71,61,30,47,3,78,45,99,-,91,38,30,53,13,11,26,14,12,60,84
97,77,98,32,69,44,81,58,39,12,57,8,40,99,73,86,20,4,28,51,9,3,34,31,2,34,38,56,94,9,75,19,10,85,68,59,12,61,55,73,7,72,38,65,35,91,61,35,7,38,6,60,50,20,7,9,33,22,28,5,99,22,72,74,36,33,69,53,28,1,93,64,66,79,27,54,31,52,30,81,38,21,14,85,55,10,74,13,62,83,30,8,23,58,27,96,59,75,53,68,46,3,7,96,96,27,69,67,11,15,3,87,60,24,33,33,10,65,27,36,49,93,68,57,63,91,38,89,95,74,60,14,87,37,4,15,87,87,77,-,42,30,49,75,74,95,35,32,92,92
77,76,73,80,65,20,43,63,30,7,83,63,24,44,88,92,72,97,71,60,2,74,56,49,31,27,31,49,36,14,100,89,7,30,21,23,43,56,14,45,40,36,47,46,50,40,23,52,98,82,72,41,59,49,42,9,50,56,55,2,38,96,96,44,95,86,39,4,76,23,73,38,61,2,79,91,32,9,99,87,99,50,1,29,64,41,31,8,65,12,12,48,19,48,27,43,83,87,18,72,2,74,86,87,69,65,87,72,31,86,91,85,46,81,75,36,27,15,74,13,2,50,50,28,94,28,46,24,32,28,59,75,100,75,19,66,90,40,22,46,-,25,7,96,58,33,44,97,57,69
45,44,47,84,76,18,92,37,84,76,22,70,8,21,32,3,85,70,53,69,64,12,41,29,10,90,29,58,52,20,42,42,78,67,37,27,77,35,58,74,51,78,28,99,62,66,55,93,78,60,27,46,78,86,92,21,33,47,83,24,90,84,14,60,69,68,12,68,46,72,69,47,60,66,70,70,54,46,29,16,5,99,84,29,54,29,10,17,12,84,30,3,92,39,56,11,93,35,46,71,19,3,13,17,74,64,43,20,20,5,52,55,85,61,76,22,37,70,99,20,89,31,68,51,31,89,55,51,80,26,92,26,99,96,30,90,78,99,84,73,15,-,82,17,33,1,67,18,18,28
90,50,41,76,97,83,33,18,29,77,50,20,22,5,4,99,7,68,93,24,20,74,14,62,8,61,57,79,30,98,51,36,4,17,95,13,93,36,94,71,61,71,74,90,64,30,56,92,38,52,7,16,25,58,51,88,33,45,74,42,80,93,20,62,33,46,73,50,38,77,50,20,92,25,83,37,65,34,82,56,20,12,16,75,1,52,72,86,85,55,96,29,88,19,64,47,17,42,100,73,43,91,35,86,26,13,74,5,55,23,66,44,4,47,98,48,51,93,10,18,39,46,6,47,44,24,100,44,18,21,17,93,45,79,82,71,47,50,82,96,9,48,-,98,36,85,18,22,50,9
71,50,47,70,32,63,22,6,63,19,38,77,97,33,70,11,48,18,57,50,46,59,12,40,85,18,71,34,38,40,76,59,40,72,93,13,73,51,69,4,55,34,6,98,30,82,23,3,83,14,67,89,39,70,100,94,66,36,46,59,28,75,67,7,89,4,52,92,62,74,36,83,74,19,35,23,93,41,5,55,79,14,63,7,33,54,60,98,20,57,27,31,70,27,20,4,36,24,31,76,50,94,3,12,83,53,28,52,59,27,74,97,67,79,38,15,54,9,52,100,72,37,90,39,53,86,3,88,4,45,72,48,16,90,47,16,9,36,44,37,59,80,28,-,100,94,6,26,70,72
37,95,61,30,70,71,43,19,37,13,36,8,37,84,26,19,58,28,9,27,4,37,3,88,65,12,35,85,100,20,55,25,46,28,85,35,35,11,18,57,99,80,57,12,90,29,36,29,9,60,2,99,91,36,49,56,46,64,87,27,87,39,47,5,49,27,34,82,18,9,60,8,55,47,6,72,20,15,87,66,19,63,39,39,26,61,44,1,91,79,36,16,87,49,81,65,7,7,85,16,93,94,52,70,21,98,52,60,43,95,46,30,72,76,81,78,59,87,88,96,4,39,37,31,72,6,45,78,10,18,93,45,49,59,73,15,96,35,47,89,99,61,91,60,-,35,2,39,64,67
50,78,20,16,90,90,81,98,57,76,5,34,60,72,49,88,56,66,24,35,52,38,20,18,15,1,47,80,62,25,90,95,32,88,13,68,86,12,44,32,11,44,86,89,85,21,18,30,36,79,16,44,55,8,68,24,48,65,88,3,3,60,49,39,2,21,33,58,59,39,40,14,46,33,15,37,69,74,56,24,38,75,6,29,21,63,66,66,57,19,79,34,54,71,16,97,27,45,19,84,22,54,64,93,56,45,21,50,49,3,19,23,48,29,30,38,5,71,48,87,91,56,75,64,47,82,97,36,78,43,76,91,86,51,28,33,87,50,76,53,50,41,100,14,88,-,68,50,24,28
65,77,53,77,67,11,91,12,63,9,57,81,18,85,84,82,30,43,55,56,78,58,92,42,60,96,29,35,38,67,72,8,3,72,18,65,22,90,84,64,59,62,94,35,80,15,67,41,69,86,6,35,69,78,27,1,18,8,86,31,42,49,34,50,26,25,65,16,63,4,42,35,58,16,24,24,8,64,10,22,52,52,92,88,79,6,53,2,45,79,75,68,62,97,73,61,47,38,22,79,99,7,51,31,53,15,13,58,28,5,88,68,44,60,62,36,15,15,9,68,32,96,82,34,13,56,73,61,94,11,27,48,21,86,32,69,24,7,9,80,37,78,38,98,80,26,-,88,79,53
71,2,90,41,56,30,48,25,31,83,72,84,11,14,84,39,66,73,77,2,74,90,65,90,2,55,54,80,71,80,62,46,11,46,15,16,55,60,96,68,70,8,52,41,47,59,46,29,73,59,91,37,17,61,68,99,13,36,77,37,1,16,29,42,57,8,42,22,34,64,67,39,3,75,51,80,59,67,61,16,65,45,14,70,38,36,25,27,41,60,64,91,3,25,9,50,43,29,49,86,76,64,41,19,37,87,31,43,3,65,41,47,26,6,31,7,58,100,7,96,43,67,83,33,1,55,40,10,95,93,96,18,21,74,86,48,89,89,32,73,67,14,88,48,13,87,79,-,6,23
27,97,84,50,44,93,55,54,83,1,30,42,8,72,90,81,84,61,40,13,69,94,61,10,65,89,21,51,10,45,89,100,37,11,96,21,69,46,73,22,94,52,93,63,75,49,45,70,19,23,75,33,73,98,83,38,64,53,81,73,53,82,73,36,15,16,14,69,80,1,11,54,53,62,39,88,14,79,74,49,23,63,16,71,29,55,3,45,95,57,31,8,29,92,18,96,22,63,18,84,46,84,46,78,52,37,18,77,17,53,98,56,35,26,89,41,1,41,92,82,26,89,6,31,38,40,15,95,100,57,58,71,57,15,60,54,37,50,63,31,55,27,58,77,4,7,86,92,-,35
28,9,5,69,38,77,60,22,60,9,40,81,2,1,92,36,44,98,49,86,72,45,17,31,28,1,47,78,59,12,100,81,63,50,8,55,34,76,90,18,34,95,42,92,96,86,12,31,37,37,60,50,71,44,68,94,59,45,29,63,47,90,76,48,77,95,56,49,56,2,86,88,100,50,39,45,91,98,65,10,14,47,26,67,96,11,100,79,89,91,84,35,62,10,20,31,76,76,89,45,65,24,83,85,90,13,52,15,20,38,64,11,5,85,88,44,84,41,54,78,40,38,89,95,39,68,35,40,15,95,53,42,9,41,17,72,29,57,7,77,66,88,45,93,2,18,82,63,85,-