50
0
-,65,4,85,56,83,19,70,47,35,40,99,10,97,64,83,16,83,93,98,60,72,91,79,88,67,83,69,15,67,21,10,45,27,69,24,17,35,31,4,76,29,95,92,58,76,14,12,73,24
28,-,56,22,13,49,78,21,30,4,82,52,61,86,11,60,57,57,49,75,48,97,32,17,91,39,24,1,59,68,3,31,23,70,11,17,16,14,68,88,96,7,6,16,13,23,98,93,84,78
63,44,-,49,58,21,47,72,90,45,28,30,84,30,61,25,20,40,28,32,65,79,95,61,25,52,16,8,89,42,42,47,52,11,77,26,77,46,59,48,22,11,83,30,69,40,35,2,8,27
19,27,75,-,35,94,27,88,40,44,70,68,49,79,32,78,93,19,67,94,43,50,7,72,76,84,56,26,3,54,39,78,83,42,49,69,3,50,11,49,100,77,99,8,41,98,24,84,7,19
73,31,51,52,-,47,55,98,64,6,99,90,75,50,99,22,47,8,5,13,54,97,54,36,50,9,17,80,3,87,100,42,23,75,66,23,5,9,99,39,56,97,83,18,83,30,99,35,97,76
42,46,83,24,79,-,77,93,85,56,20,70,21,98,73,68,73,39,35,76,63,48,20,56,89,24,70,90,73,89,83,30,52,94,37,33,95,46,6,95,83,38,41,94,23,36,23,45,42,54
17,75,21,63,91,35,-,27,42,88,92,81,43,24,27,1,16,97,42,21,77,71,56,48,55,37,96,6,86,78,75,43,48,79,58,43,52,73,47,53,67,80,16,96,52,19,40,3,93,78
4,98,54,30,14,92,2,-,19,28,76,10,37,26,87,80,88,39,65,80,55,34,80,88,47,100,9,88,23,87,93,23,82,66,51,96,19,34,76,19,71,88,60,96,78,50,68,94,89,2
65,65,60,64,64,14,50,11,-,33,8,49,1,84,15,30,100,24,55,19,59,6,34,21,66,34,37,13,26,35,44,3,4,20,52,89,67,43,55,43,47,51,62,41,38,48,82,46,27,68
41,97,83,94,71,4,83,60,35,-,42,88,11,91,21,66,49,57,15,14,21,17,30,65,84,64,29,70,10,76,14,43,41,56,54,12,31,82,9,98,23,25,56,69,75,68,3,73,3,22
56,67,91,34,81,90,88,69,79,47,-,80,68,35,64,59,79,86,75,10,34,84,59,27,79,75,57,91,66,39,38,59,33,14,66,35,22,8,4,7,89,59,48,45,45,97,53,58,62,10
70,67,60,8,24,91,49,57,70,50,59,-,52,32,58,96,84,10,42,54,92,59,9,30,3,11,24,3,47,98,12,10,65,52,75,38,83,14,15,96,11,4,43,62,52,96,91,41,38,22
50,56,76,48,55,73,24,16,57,73,59,87,-,87,86,86,23,36,47,65,15,99,74,75,73,12,60,44,96,17,60,64,100,22,91,28,76,41,89,67,95,84,1,9,89,37,94,48,15,19
70,43,47,12,32,54,57,44,10,37,33,64,89,-,63,36,75,61,47,41,26,70,90,7,55,93,25,98,20,53,28,91,6,60,71,65,74,98,82,58,50,54,88,49,25,98,27,7,61,32
72,83,1,12,88,18,13,39,97,88,19,24,91,50,-,15,11,15,16,53,9,99,89,57,3,38,5,89,15,44,78,42,62,33,43,40,76,10,35,54,9,7,92,98,15,97,27,32,2,90
89,72,86,27,39,59,95,72,41,53,14,41,53,15,71,-,56,77,5,99,65,81,36,44,8,29,75,30,7,2,95,71,92,75,60,97,96,23,74,51,35,12,71,49,9,74,71,82,17,11
81,66,34,14,2,2,70,48,40,36,28,45,59,27,100,85,-,36,41,68,92,11,77,13,38,59,38,98,87,91,80,90,37,53,95,70,48,91,14,59,53,2,6,14,78,38,72,73,1,48
24,91,75,88,88,66,22,75,58,16,21,97,32,21,13,3,87,-,30,10,82,10,58,51,91,1,47,55,68,74,100,12,71,52,48,70,90,65,75,43,53,56,17,9,43,60,19,48,55,85
5,4,9,32,50,34,8,68,22,99,54,24,30,38,73,63,40,68,-,13,71,91,42,24,80,42,54,44,9,87,80,4,65,69,13,92,87,1,22,54,25,17,65,95,19,37,47,12,20,79
33,46,25,15,90,72,61,45,2,1,43,63,25,41,23,89,13,82,68,-,70,62,72,65,10,12,40,80,87,57,9,96,86,14,93,54,7,40,48,58,42,55,68,51,33,41,77,12,45,19
69,96,53,80,50,56,18,100,17,78,41,97,25,74,75,14,2,34,2,8,-,95,71,75,63,87,6,53,80,8,38,58,8,96,50,61,8,54,89,32,92,36,71,4,88,8,32,5,83,63
19,93,14,63,55,92,77,80,46,14,27,49,28,14,6,84,33,16,21,63,8,-,19,10,68,65,81,51,22,39,8,61,88,76,55,91,44,53,35,77,40,9,66,61,43,3,95,97,15,6
4,61,3,44,43,87,97,68,95,27,98,40,35,26,44,90,1,96,83,95,75,53,-,95,72,61,97,5,20,71,41,91,94,60,41,75,36,5,73,92,20,40,61,73,77,85,27,18,29,5
92,54,35,31,25,83,14,50,5,20,20,88,42,78,27,32,37,66,1,13,24,22,62,-,87,16,62,39,11,17,56,13,17,32,92,58,86,40,84,4,5,81,64,82,47,85,83,2,100,8
34,64,48,9,79,94,28,90,38,13,28,15,56,19,57,14,75,35,84,93,88,32,90,87,-,45,86,32,6,56,79,22,40,80,64,76,55,88,94,54,31,80,5,87,74,90,70,57,31,54
67,89,97,100,94,97,59,81,48,100,8,28,70,85,82,71,57,11,64,21,2,68,63,80,75,-,80,66,70,68,69,8,97,82,77,97,77,46,4,82,53,39,42,65,90,42,8,14,74,65
28,15,58,75,71,68,47,4,63,5,51,9,76,66,29,42,84,67,8,40,90,4,86,56,82,23,-,28,46,21,74,56,85,21,2,2,43,43,39,50,69,12,70,55,80,48,5,81,25,2
2,50,86,62,14,76,81,21,40,26,82,81,4,30,45,13,87,7,54,97,5,61,99,32,53,39,2,-,76,69,70,85,64,99,58,24,18,28,73,27,64,53,7,75,39,63,57,68,2,100
42,90,29,39,86,80,8,92,39,74,65,86,81,82,36,28,50,30,28,16,12,62,26,37,11,89,25,47,-,45,10,42,79,79,6,76,49,38,32,65,44,22,27,11,49,1,61,91,84,45
17,11,47,58,30,20,44,73,16,40,78,20,91,48,13,15,19,78,35,95,26,60,41,46,19,20,1,43,55,-,27,1,56,8,29,37,44,48,15,63,59,38,84,15,88,2,81,9,97,86
24,6,25,80,80,46,5,78,31,18,51,62,71,40,20,89,5,23,1,41,2,66,86,39,31,75,79,90,27,32,-,96,80,78,98,39,98,96,49,58,26,42,67,88,62,25,57,88,93,2
46,79,78,42,52,2,49,51,85,55,61,10,90,75,33,56,75,78,65,90,47,80,15,37,47,47,59,39,95,39,88,-,35,76,29,91,18,27,24,34,44,19,88,9,61,49,20,22,33,39
98,5,85,40,9,68,94,37,62,55,98,45,98,70,23,27,63,51,1,21,55,25,25,37,85,72,30,27,89,51,22,39,-,71,74,86,65,74,94,33,29,84,19,55,85,16,31,59,74,33
54,71,100,78,38,88,82,54,8,17,72,14,41,84,47,50,18,32,4,85,93,78,95,88,7,46,3,60,82,44,92,38,62,-,38,50,43,24,59,13,79,50,24,6,1,81,52,61,81,67
47,27,29,19,30,51,72,20,8,80,48,67,79,34,29,42,37,12,95,2,30,90,90,65,46,32,2,34,94,84,42,12,38,52,-,30,89,65,70,9,33,32,97,51,98,28,68,86,6,57
32,59,47,50,18,76,29,38,55,99,62,22,66,11,17,94,96,67,39,19,68,77,69,70,3,7,86,60,23,8,23,73,54,39,51,-,67,25,32,44,62,33,46,85,60,92,54,54,96,87
32,59,19,21,90,78,51,8,42,62,79,96,57,66,2,54,78,46,49,80,62,89,75,10,53,86,41,50,85,43,57,41,91,2,26,31,-,63,80,30,12,12,19,75,49,62,63,62,60,95
54,9,4,48,58,94,23,48,24,46,64,84,95,30,96,87,95,53,32,6,58,96,58,8,65,21,68,51,36,75,63,86,20,56,19,81,51,-,17,50,44,87,43,67,44,73,74,79,97,44
80,30,16,90,17,77,41,19,76,11,91,20,6,17,62,58,6,57,85,31,33,43,69,32,56,28,21,93,54,67,9,53,98,12,92,52,42,5,-,40,27,91,70,4,43,10,47,55,11,69
12,41,68,90,38,9,10,28,6,25,4,29,27,1,93,49,16,84,74,25,40,86,25,100,32,35,71,16,4,6,45,37,27,85,25,26,75,72,88,-,56,32,93,11,53,37,15,6,52,5
75,71,96,87,49,8,94,65,95,94,83,14,48,70,89,53,17,96,32,47,23,15,15,61,66,17,28,29,46,48,25,2,19,69,13,71,59,6,49,1,-,55,76,93,90,27,97,11,92,35
64,99,64,92,88,60,8,73,93,70,42,43,34,19,15,41,71,28,96,49,91,91,13,91,55,39,4,38,25,52,80,20,93,92,65,89,93,61,24,1,67,-,90,7,54,69,85,60,100,63
72,3,14,43,87,50,100,52,70,64,30,97,22,70,58,80,53,95,82,55,45,23,73,1,91,87,56,88,47,91,38,51,47,2,57,82,87,33,12,11,67,59,-,80,23,6,82,77,67,54
77,31,17,86,83,19,50,82,33,22,55,18,97,5,89,17,9,30,21,75,67,47,78,11,87,60,5,13,26,28,37,68,91,7,75,75,46,34,20,59,57,17,76,-,57,26,69,80,12,80
33,71,62,19,83,38,23,21,19,83,96,95,50,1,80,98,92,16,39,100,94,30,13,24,20,92,53,9,92,43,16,37,63,23,66,54,73,94,74,55,100,49,36,53,-,30,15,63,23,100
100,77,58,66,76,97,95,75,64,79,51,57,42,21,66,46,48,41,43,14,58,8,48,2,55,79,74,24,90,3,94,83,52,99,32,29,61,81,1,39,92,3,44,19,43,-,52,21,39,87
2,35,86,45,97,100,79,10,16,27,75,84,50,6,97,19,54,74,14,93,75,25,41,33,30,73,4,23,98,85,43,67,96,62,82,54,42,30,13,29,91,82,69,82,85,36,-,83,10,37
10,30,45,56,88,46,69,26,7,44,98,57,69,96,76,52,95,3,94,76,33,72,26,57,39,62,47,56,97,71,21,22,55,80,53,15,49,6,12,87,45,60,51,2,26,24,85,-,9,61
22,2,98,63,21,93,55,22,32,24,60,28,75,77,24,74,7,35,15,12,16,77,38,60,1,71,62,31,17,30,79,65,51,11,25,36,54,82,82,22,86,27,15,41,36,77,28,47,-,12
41,98,1,52,93,13,18,42,57,96,80,44,76,74,58,25,13,46,32,28,43,98,91,74,13,55,72,85,48,70,38,68,29,13,22,93,2,61,50,13,73,83,21,32,53,86,60,21,18,-